{
  "atom_chain_ids": ["A","A","A","A","A","A","A","A","A","A","A","A","A","A","A","A","A","A","A","A","A","A","A","A","A","A","A","A","A","A","A","B","B","B","B","B","B","B","B","B","B","B","B","B","B","B","B","B","B","B","B","B","B","B","B","B","B","B","B","B","B","B","B","B","B","B","B","B","B","B","B","B","B","B","B","B","B","B","B","B","B","B","B","B","B","B","B","B","B","B","B","B","B","B","B","B","B","B","B","B","B","B","B","B","B","B","B","B","B","B","B","B","B","B","B","B","B","B","B","B","B","B","B","B","B","B","B","B","B","B","B","B","B","B","B","B","B","B","B","B","B","B","B","B","B","B","B","B","B","B","B","B","B","B","B","B","B","B","B","B","B","B","B","B","B","B","B","B","B","B","B","B","B","B","B","B","B","B","B","B","B","B","B","B","B","B","B","B","B","B","B","B"],
  "atom_plddts": [63.75,59.22,59.19,58.85,72.62,57.83,60.58,73.13,63.82,64.07,65.63,67.63,70.11,75.53,69.04,71.21,74.9,70.67,78.99,76.89,71.76,75.24,73.2,73.72,74.13,71.59,73.43,74.94,73.84,72.41,76.9,47.01,50.17,46.62,46.66,50.83,52.58,56.5,55.64,60.73,60.65,59.11,57.59,57.13,54.77,52.33,49.9,49.0,48.14,47.24,50.95,55.22,57.88,53.37,53.99,59.07,59.35,62.39,61.62,66.24,64.87,65.26,62.83,63.17,61.23,56.61,52.66,51.94,51.5,48.79,54.65,59.46,59.75,55.27,55.88,60.68,61.6,64.93,64.86,68.75,67.67,67.44,65.05,64.85,62.93,58.6,54.49,53.63,53.18,50.53,56.46,61.2,58.31,54.64,55.16,59.55,62.06,65.82,66.56,70.14,68.96,68.02,65.88,64.81,63.56,58.87,54.91,53.97,53.57,51.36,56.65,61.36,62.11,58.28,58.9,63.63,66.77,70.17,72.62,75.06,74.19,73.86,71.95,71.81,72.73,69.33,66.17,66.98,67.3,65.25,68.58,71.4,57.74,56.34,57.74,63.56,67.33,71.65,75.53,79.45,78.28,79.24,76.9,77.57,78.78,75.96,73.36,74.48,74.91,73.72,76.29,78.69,61.59,59.76,62.5,66.55,70.54,74.51,76.8,79.87,78.04,78.13,75.81,76.2,76.68,73.8,70.7,71.09,71.03,70.03,72.96,75.55,64.21,62.78,64.27,67.23,71.03,74.7,73.4,76.72,74.19,72.6,70.92,70.81,70.41,65.33,61.29,60.85,60.05,59.33,63.28,68.16],
  "contact_probs": [[1.0,1.0,1.0,1.0,1.0,1.0,1.0,1.0,1.0,1.0,1.0,1.0,1.0,0.99,0.8,0.5,0.7,0.51,0.42,0.23,0.29,0.31,0.43,0.34,0.17,0.09,0.09,0.05,0.05,0.07,0.15,0.02,0.01,0.01,0.02,0.04,0.09,0.2,0.21],[1.0,1.0,1.0,1.0,1.0,1.0,1.0,1.0,1.0,0.99,0.99,1.0,0.99,0.9,0.56,0.36,0.5,0.37,0.31,0.18,0.22,0.23,0.32,0.25,0.12,0.07,0.07,0.04,0.04,0.06,0.11,0.02,0.01,0.01,0.02,0.04,0.07,0.17,0.2],[1.0,1.0,1.0,1.0,1.0,1.0,1.0,1.0,1.0,0.99,0.99,1.0,0.99,0.9,0.56,0.37,0.51,0.37,0.32,0.19,0.23,0.24,0.33,0.25,0.13,0.07,0.08,0.04,0.04,0.06,0.12,0.02,0.01,0.01,0.02,0.04,0.08,0.18,0.2],[1.0,1.0,1.0,1.0,1.0,1.0,1.0,1.0,1.0,0.99,0.99,1.0,0.99,0.9,0.55,0.35,0.5,0.37,0.31,0.18,0.22,0.22,0.31,0.24,0.12,0.07,0.07,0.04,0.04,0.06,0.11,0.02,0.01,0.01,0.02,0.04,0.07,0.17,0.19],[1.0,1.0,1.0,1.0,1.0,1.0,1.0,1.0,1.0,1.0,1.0,1.0,1.0,1.0,1.0,1.0,1.0,0.94,0.95,0.64,0.96,0.88,0.89,0.68,0.42,0.19,0.14,0.08,0.1,0.21,0.49,0.02,0.01,0.01,0.02,0.07,0.19,0.43,0.31],[1.0,1.0,1.0,1.0,1.0,1.0,1.0,1.0,1.0,1.0,1.0,1.0,1.0,1.0,1.0,0.95,0.97,0.78,0.78,0.45,0.75,0.67,0.72,0.5,0.31,0.15,0.13,0.07,0.09,0.17,0.36,0.02,0.01,0.01,0.03,0.06,0.18,0.36,0.29],[1.0,1.0,1.0,1.0,1.0,1.0,1.0,1.0,1.0,1.0,1.0,1.0,1.0,1.0,0.99,0.95,0.97,0.79,0.78,0.45,0.76,0.67,0.72,0.5,0.3,0.14,0.12,0.07,0.08,0.16,0.35,0.02,0.01,0.01,0.03,0.06,0.17,0.35,0.29],[1.0,1.0,1.0,1.0,1.0,1.0,1.0,1.0,1.0,1.0,1.0,1.0,1.0,1.0,0.99,0.91,0.96,0.77,0.72,0.39,0.63,0.53,0.66,0.46,0.24,0.11,0.09,0.06,0.07,0.12,0.26,0.02,0.01,0.01,0.02,0.06,0.13,0.28,0.25],[1.0,1.0,1.0,1.0,1.0,1.0,1.0,1.0,1.0,1.0,1.0,1.0,1.0,1.0,1.0,1.0,1.0,1.0,1.0,1.0,1.0,1.0,0.99,0.95,0.89,0.48,0.27,0.2,0.23,0.77,0.99,0.02,0.01,0.01,0.02,0.11,0.51,0.75,0.4],[1.0,0.99,0.99,0.99,1.0,1.0,1.0,1.0,1.0,1.0,1.0,1.0,1.0,1.0,1.0,1.0,1.0,1.0,1.0,0.96,1.0,1.0,0.98,0.88,0.75,0.43,0.27,0.21,0.22,0.5,0.9,0.01,0.01,0.01,0.03,0.11,0.45,0.68,0.38],[1.0,0.99,0.99,0.99,1.0,1.0,1.0,1.0,1.0,1.0,1.0,1.0,1.0,1.0,1.0,1.0,1.0,1.0,1.0,0.95,1.0,1.0,0.98,0.87,0.74,0.4,0.26,0.19,0.21,0.49,0.9,0.01,0.01,0.01,0.03,0.11,0.45,0.68,0.38],[1.0,1.0,1.0,1.0,1.0,1.0,1.0,1.0,1.0,1.0,1.0,1.0,1.0,1.0,1.0,1.0,1.0,1.0,1.0,0.97,1.0,0.99,0.98,0.87,0.68,0.31,0.2,0.15,0.17,0.43,0.86,0.02,0.01,0.01,0.02,0.09,0.32,0.57,0.33],[1.0,0.99,0.99,0.99,1.0,1.0,1.0,1.0,1.0,1.0,1.0,1.0,1.0,1.0,1.0,1.0,1.0,1.0,1.0,1.0,1.0,1.0,1.0,0.99,0.98,0.79,0.43,0.51,0.7,0.99,1.0,0.01,0.01,0.01,0.03,0.13,0.69,0.81,0.4],[0.99,0.9,0.9,0.9,1.0,1.0,1.0,1.0,1.0,1.0,1.0,1.0,1.0,1.0,1.0,1.0,1.0,1.0,1.0,1.0,1.0,1.0,1.0,1.0,1.0,0.9,0.22,0.44,0.91,1.0,1.0,0.01,0.01,0.01,0.03,0.12,0.75,0.83,0.38],[0.8,0.56,0.56,0.55,1.0,1.0,0.99,0.99,1.0,1.0,1.0,1.0,1.0,1.0,1.0,1.0,1.0,1.0,1.0,1.0,1.0,1.0,1.0,1.0,1.0,1.0,0.57,1.0,1.0,1.0,1.0,0.01,0.01,0.01,0.04,0.17,0.86,0.82,0.32],[0.5,0.36,0.37,0.35,1.0,0.95,0.95,0.91,1.0,1.0,1.0,1.0,1.0,1.0,1.0,1.0,1.0,1.0,1.0,1.0,1.0,1.0,1.0,1.0,1.0,1.0,1.0,1.0,1.0,1.0,1.0,0.01,0.01,0.02,0.05,0.33,0.94,0.88,0.33],[0.7,0.5,0.51,0.5,1.0,0.97,0.97,0.96,1.0,1.0,1.0,1.0,1.0,1.0,1.0,1.0,1.0,1.0,1.0,1.0,1.0,1.0,1.0,1.0,1.0,1.0,0.6,1.0,1.0,1.0,1.0,0.01,0.01,0.01,0.04,0.16,0.79,0.68,0.23],[0.51,0.37,0.37,0.37,0.94,0.78,0.79,0.77,1.0,1.0,1.0,1.0,1.0,1.0,1.0,1.0,1.0,1.0,1.0,1.0,1.0,1.0,1.0,1.0,1.0,0.76,0.04,0.58,0.97,1.0,1.0,0.01,0.01,0.01,0.03,0.11,0.47,0.45,0.2],[0.42,0.31,0.32,0.31,0.95,0.78,0.78,0.72,1.0,1.0,1.0,1.0,1.0,1.0,1.0,1.0,1.0,1.0,1.0,1.0,1.0,1.0,1.0,1.0,1.0,1.0,1.0,1.0,1.0,1.0,1.0,0.02,0.02,0.03,0.08,0.33,0.89,0.67,0.18],[0.23,0.18,0.19,0.18,0.64,0.45,0.45,0.39,1.0,0.96,0.95,0.97,1.0,1.0,1.0,1.0,1.0,1.0,1.0,1.0,1.0,1.0,1.0,1.0,1.0,1.0,0.96,1.0,1.0,1.0,1.0,0.02,0.02,0.04,0.09,0.31,0.76,0.42,0.15],[0.29,0.22,0.23,0.22,0.96,0.75,0.76,0.63,1.0,1.0,1.0,1.0,1.0,1.0,1.0,1.0,1.0,1.0,1.0,1.0,1.0,1.0,1.0,1.0,1.0,1.0,1.0,1.0,1.0,1.0,1.0,0.01,0.02,0.03,0.1,0.51,0.95,0.84,0.23],[0.31,0.23,0.24,0.22,0.88,0.67,0.67,0.53,1.0,1.0,1.0,0.99,1.0,1.0,1.0,1.0,1.0,1.0,1.0,1.0,1.0,1.0,1.0,1.0,1.0,1.0,1.0,1.0,1.0,1.0,1.0,0.02,0.03,0.05,0.15,0.8,0.96,0.84,0.19],[0.43,0.32,0.33,0.31,0.89,0.72,0.72,0.66,0.99,0.98,0.98,0.98,1.0,1.0,1.0,1.0,1.0,1.0,1.0,1.0,1.0,1.0,1.0,1.0,1.0,1.0,1.0,1.0,1.0,1.0,1.0,0.02,0.03,0.04,0.13,0.69,0.95,0.79,0.21],[0.34,0.25,0.25,0.24,0.68,0.5,0.5,0.46,0.95,0.88,0.87,0.87,0.99,1.0,1.0,1.0,1.0,1.0,1.0,1.0,1.0,1.0,1.0,1.0,1.0,1.0,1.0,1.0,1.0,1.0,1.0,0.03,0.04,0.07,0.21,0.82,0.95,0.68,0.15],[0.17,0.12,0.13,0.12,0.42,0.31,0.3,0.24,0.89,0.75,0.74,0.68,0.98,1.0,1.0,1.0,1.0,1.0,1.0,1.0,1.0,1.0,1.0,1.0,1.0,1.0,1.0,1.0,1.0,1.0,1.0,0.03,0.06,0.1,0.33,0.91,0.95,0.66,0.11],[0.09,0.07,0.07,0.07,0.19,0.15,0.14,0.11,0.48,0.43,0.4,0.31,0.79,0.9,1.0,1.0,1.0,0.76,1.0,1.0,1.0,1.0,1.0,1.0,1.0,1.0,1.0,1.0,1.0,1.0,1.0,0.04,0.08,0.16,0.48,0.92,0.94,0.46,0.07],[0.09,0.07,0.08,0.07,0.14,0.13,0.12,0.09,0.27,0.27,0.26,0.2,0.43,0.22,0.57,1.0,0.6,0.04,1.0,0.96,1.0,1.0,1.0,1.0,1.0,1.0,1.0,1.0,1.0,1.0,1.0,0.04,0.09,0.19,0.49,0.88,0.92,0.33,0.06],[0.05,0.04,0.04,0.04,0.08,0.07,0.07,0.06,0.2,0.21,0.19,0.15,0.51,0.44,1.0,1.0,1.0,0.58,1.0,1.0,1.0,1.0,1.0,1.0,1.0,1.0,1.0,1.0,1.0,1.0,1.0,0.03,0.08,0.18,0.53,0.89,0.93,0.3,0.06],[0.05,0.04,0.04,0.04,0.1,0.09,0.08,0.07,0.23,0.22,0.21,0.17,0.7,0.91,1.0,1.0,1.0,0.97,1.0,1.0,1.0,1.0,1.0,1.0,1.0,1.0,1.0,1.0,1.0,1.0,1.0,0.02,0.06,0.16,0.49,0.9,0.94,0.34,0.07],[0.07,0.06,0.06,0.06,0.21,0.17,0.16,0.12,0.77,0.5,0.49,0.43,0.99,1.0,1.0,1.0,1.0,1.0,1.0,1.0,1.0,1.0,1.0,1.0,1.0,1.0,1.0,1.0,1.0,1.0,1.0,0.02,0.04,0.1,0.35,0.87,0.95,0.54,0.1],[0.15,0.11,0.12,0.11,0.49,0.36,0.35,0.26,0.99,0.9,0.9,0.86,1.0,1.0,1.0,1.0,1.0,1.0,1.0,1.0,1.0,1.0,1.0,1.0,1.0,1.0,1.0,1.0,1.0,1.0,1.0,0.02,0.04,0.08,0.27,0.9,0.97,0.74,0.13],[0.02,0.02,0.02,0.02,0.02,0.02,0.02,0.02,0.02,0.01,0.01,0.02,0.01,0.01,0.01,0.01,0.01,0.01,0.02,0.02,0.01,0.02,0.02,0.03,0.03,0.04,0.04,0.03,0.02,0.02,0.02,1.0,0.85,0.1,0.04,0.02,0.0,0.0,0.0],[0.01,0.01,0.01,0.01,0.01,0.01,0.01,0.01,0.01,0.01,0.01,0.01,0.01,0.01,0.01,0.01,0.01,0.01,0.02,0.02,0.02,0.03,0.03,0.04,0.06,0.08,0.09,0.08,0.06,0.04,0.04,0.85,1.0,0.69,0.14,0.04,0.01,0.0,0.0],[0.01,0.01,0.01,0.01,0.01,0.01,0.01,0.01,0.01,0.01,0.01,0.01,0.01,0.01,0.01,0.02,0.01,0.01,0.03,0.04,0.03,0.05,0.04,0.07,0.1,0.16,0.19,0.18,0.16,0.1,0.08,0.1,0.69,1.0,0.64,0.11,0.02,0.01,0.0],[0.02,0.02,0.02,0.02,0.02,0.03,0.03,0.02,0.02,0.03,0.03,0.02,0.03,0.03,0.04,0.05,0.04,0.03,0.08,0.09,0.1,0.15,0.13,0.21,0.33,0.48,0.49,0.53,0.49,0.35,0.27,0.04,0.14,0.64,1.0,0.79,0.06,0.02,0.01],[0.04,0.04,0.04,0.04,0.07,0.06,0.06,0.06,0.11,0.11,0.11,0.09,0.13,0.12,0.17,0.33,0.16,0.11,0.33,0.31,0.51,0.8,0.69,0.82,0.91,0.92,0.88,0.89,0.9,0.87,0.9,0.02,0.04,0.11,0.79,1.0,0.92,0.05,0.01],[0.09,0.07,0.08,0.07,0.19,0.18,0.17,0.13,0.51,0.45,0.45,0.32,0.69,0.75,0.86,0.94,0.79,0.47,0.89,0.76,0.95,0.96,0.95,0.95,0.95,0.94,0.92,0.93,0.94,0.95,0.97,0.0,0.01,0.02,0.06,0.92,1.0,0.93,0.07],[0.2,0.17,0.18,0.17,0.43,0.36,0.35,0.28,0.75,0.68,0.68,0.57,0.81,0.83,0.82,0.88,0.68,0.45,0.67,0.42,0.84,0.84,0.79,0.68,0.66,0.46,0.33,0.3,0.34,0.54,0.74,0.0,0.0,0.01,0.02,0.05,0.93,1.0,0.86],[0.21,0.2,0.2,0.19,0.31,0.29,0.29,0.25,0.4,0.38,0.38,0.33,0.4,0.38,0.32,0.33,0.23,0.2,0.18,0.15,0.23,0.19,0.21,0.15,0.11,0.07,0.06,0.06,0.07,0.1,0.13,0.0,0.0,0.0,0.01,0.01,0.07,0.86,1.0]],
  "pae": [[0.8,1.4,2.0,1.8,2.1,3.1,3.4,1.0,3.2,4.4,4.5,2.4,3.9,4.7,5.4,5.1,6.5,7.4,7.1,7.7,6.3,6.7,7.1,7.1,7.9,8.2,8.7,8.8,8.9,7.9,7.6,19.4,17.8,15.5,13.0,12.5,8.6,6.9,7.2],[1.1,0.8,2.2,1.8,1.7,3.2,3.4,1.0,2.9,4.3,4.6,2.1,3.4,4.5,4.9,4.7,6.0,7.1,6.8,7.3,6.1,6.6,6.8,6.8,7.3,7.5,8.4,8.4,8.0,7.4,7.1,18.6,16.4,15.4,12.3,11.6,8.8,7.2,6.5],[1.0,1.9,0.8,2.0,1.9,3.1,3.4,1.2,3.2,4.0,4.5,2.3,3.5,4.5,5.3,5.5,6.3,7.3,7.1,7.3,6.3,6.6,6.9,6.8,7.5,7.7,8.6,8.5,8.5,7.5,7.0,18.5,16.7,14.6,12.1,10.7,8.9,7.3,6.7],[1.1,1.9,2.1,0.8,1.7,3.3,3.3,1.1,2.9,3.9,4.4,2.2,3.2,4.4,4.9,4.7,5.8,6.9,6.4,7.1,5.8,6.1,6.6,6.7,7.1,7.4,8.2,8.4,8.1,7.2,6.6,17.2,15.8,14.1,12.2,11.4,8.7,7.0,5.6],[2.5,3.0,3.2,2.8,0.8,1.5,1.5,1.2,1.9,3.2,3.7,1.0,2.3,3.6,3.9,4.2,5.2,6.5,6.4,6.7,5.4,5.8,6.0,6.6,6.8,7.4,8.1,7.8,7.9,6.5,6.3,15.5,13.9,12.9,12.1,10.5,8.3,6.6,6.3],[2.6,3.5,3.6,3.5,1.1,0.8,1.8,1.5,2.0,3.5,3.5,1.2,2.4,3.9,4.0,4.6,5.3,6.3,6.4,6.4,5.3,5.9,6.1,6.5,6.9,7.0,7.9,7.7,7.5,6.5,6.0,15.3,13.6,12.6,11.5,11.1,8.2,6.8,5.8],[3.1,3.6,3.8,3.5,1.1,1.6,0.8,1.7,2.2,3.5,3.7,1.2,2.5,4.0,4.4,4.8,5.3,6.4,6.4,6.7,5.6,6.2,6.3,6.8,7.0,7.3,8.1,7.8,7.8,6.7,6.2,15.8,13.9,12.5,11.6,11.3,8.7,7.1,6.3],[1.2,2.6,2.6,2.4,1.1,2.6,2.5,0.8,2.3,3.4,3.6,1.8,2.7,3.8,4.1,4.3,5.2,6.6,6.4,6.9,5.3,5.8,6.5,7.2,7.2,7.6,8.5,8.0,8.0,7.2,6.2,15.4,13.6,13.0,12.1,11.8,9.6,7.2,6.3],[4.0,4.7,4.7,4.6,2.2,3.5,3.5,3.1,0.8,1.8,1.6,1.4,1.0,2.1,2.1,3.2,3.7,4.8,4.9,5.3,4.0,5.2,5.4,6.1,6.2,6.7,7.3,6.8,6.8,5.9,5.7,13.7,12.9,13.0,11.3,9.6,7.3,6.1,5.5],[4.4,5.4,4.9,4.8,2.4,4.1,4.0,3.6,1.1,0.8,1.4,1.2,1.1,2.3,2.4,3.0,3.4,4.5,4.8,5.0,3.9,5.2,5.5,6.5,6.2,6.8,7.7,6.9,6.8,5.7,5.6,14.7,13.6,13.7,11.9,10.9,8.2,6.6,5.8],[4.4,5.4,5.2,5.1,2.7,4.0,4.1,3.6,1.2,1.4,0.8,1.2,1.1,2.3,2.6,3.2,3.5,4.5,5.1,5.0,4.0,5.4,5.8,6.5,6.5,6.9,7.6,7.0,6.9,5.8,5.8,14.8,14.2,14.1,12.3,11.4,8.5,6.8,6.3],[3.1,3.6,3.8,3.6,1.1,2.5,2.5,2.2,1.0,2.2,2.3,0.8,1.3,2.7,2.6,3.0,3.7,4.9,5.0,5.5,4.0,4.7,4.9,6.1,6.0,6.4,7.3,6.8,6.6,5.6,5.3,14.1,12.7,12.0,11.0,10.3,8.0,6.3,5.8],[4.3,5.1,4.9,5.0,2.6,3.9,3.8,3.4,1.0,2.1,2.1,1.7,0.8,0.8,1.2,1.9,2.1,3.5,3.0,3.7,2.6,3.4,4.4,4.8,4.8,5.3,5.9,5.6,5.3,4.3,4.2,12.6,11.8,11.9,9.9,9.0,6.7,5.8,6.2],[4.9,5.8,5.5,5.5,3.1,4.4,4.4,3.9,1.8,2.4,2.6,2.3,0.9,0.8,0.9,1.4,2.0,2.2,2.3,2.6,1.8,2.6,3.7,4.3,4.0,4.5,4.8,4.9,4.5,3.3,3.0,11.9,11.3,10.9,9.3,7.7,5.9,5.0,6.1],[4.6,5.1,5.3,4.9,3.2,4.4,4.3,3.8,2.2,3.1,3.2,2.7,1.7,0.8,0.8,0.8,0.8,1.0,1.0,1.4,0.8,1.1,1.5,1.8,1.6,2.0,2.2,2.1,2.2,1.7,1.5,10.4,9.3,8.8,6.8,5.1,3.9,3.9,5.3],[4.6,5.0,5.1,4.9,3.4,4.6,4.5,3.8,2.3,3.2,3.3,3.0,1.6,0.9,0.8,0.8,0.8,1.1,0.8,1.0,0.8,0.8,1.5,1.5,1.4,1.6,1.8,1.9,2.1,1.6,1.2,9.8,8.9,8.4,6.2,4.8,4.0,3.7,5.3],[4.9,5.5,5.5,5.4,3.4,4.9,4.7,4.2,2.5,3.4,3.4,3.1,1.8,1.0,0.8,0.9,0.8,0.8,0.8,1.1,0.9,1.3,1.7,2.0,2.3,2.5,2.9,2.9,2.9,2.0,1.6,10.1,9.2,9.0,7.1,5.5,4.1,4.4,6.1],[5.1,5.6,5.8,5.5,3.7,5.0,4.8,4.4,2.5,3.3,3.2,3.0,1.6,1.0,0.8,0.8,0.8,0.8,0.8,1.0,1.0,1.1,1.8,2.0,1.9,1.9,2.1,2.2,2.5,1.9,1.5,10.1,9.8,9.2,7.5,6.1,4.8,5.4,6.4],[5.2,5.8,6.0,5.6,3.7,5.4,5.2,4.6,2.6,3.7,3.7,3.3,1.9,1.3,1.0,0.9,0.8,1.1,0.8,0.8,0.8,0.9,1.9,2.1,2.0,2.3,2.3,2.5,2.5,2.1,1.5,10.1,9.4,8.9,7.0,5.3,4.2,4.2,6.0],[5.1,5.8,5.8,5.5,3.8,5.0,5.1,4.4,2.5,3.5,3.3,3.2,1.9,1.3,1.0,0.8,0.8,1.0,0.8,0.8,0.8,0.8,1.9,2.2,2.1,2.4,2.3,2.5,2.6,1.9,1.5,10.0,9.5,8.8,6.9,5.7,4.5,4.9,6.1],[4.5,4.8,4.9,4.6,3.4,4.5,4.4,4.0,2.2,3.0,3.2,2.8,1.8,1.2,0.8,0.8,0.9,1.1,0.8,1.0,0.8,0.8,1.2,1.0,1.0,1.2,1.3,1.5,1.7,1.3,0.9,9.8,8.8,8.0,5.7,4.3,3.6,3.6,5.2],[4.4,4.6,4.6,4.4,3.4,4.3,4.2,3.9,2.6,3.6,3.5,3.2,2.1,1.8,1.1,0.9,1.6,1.6,1.0,1.5,0.8,1.0,0.8,0.8,0.8,0.9,1.2,1.1,1.1,0.9,0.8,9.2,8.1,7.2,5.1,4.3,3.4,3.5,5.0],[4.6,5.1,5.2,4.8,3.5,4.5,4.4,4.0,2.7,3.5,3.6,3.3,2.2,1.9,1.2,1.1,1.8,1.9,1.2,1.7,0.8,0.8,0.8,0.8,0.8,1.1,1.1,0.9,0.9,0.8,0.8,9.8,8.5,7.7,5.4,4.3,3.4,3.9,5.5],[4.6,5.1,5.2,4.9,3.5,4.5,4.5,4.1,2.6,3.7,3.7,3.4,2.1,2.0,1.2,1.0,1.6,1.8,1.3,1.7,0.8,0.8,0.8,0.8,0.8,0.8,0.9,0.9,0.9,0.8,0.8,9.2,8.3,7.2,5.1,4.4,3.4,3.9,5.4],[4.3,4.7,4.7,4.4,3.3,4.2,4.2,3.9,2.6,3.4,3.5,3.2,2.0,1.8,1.1,0.9,1.4,1.6,1.2,1.5,0.8,0.8,0.8,0.8,0.9,0.8,0.8,0.8,0.8,0.8,0.8,8.9,8.1,7.1,4.7,4.0,2.9,3.6,5.0],[4.4,4.7,4.7,4.5,3.4,4.3,4.3,3.9,2.5,3.5,3.6,3.1,2.0,1.8,1.2,1.1,1.6,1.7,1.3,1.7,0.9,0.8,0.9,0.8,0.8,0.8,0.8,0.8,0.8,0.9,0.8,9.3,8.1,7.2,4.7,3.7,2.9,3.8,5.1],[4.7,5.5,5.4,5.1,3.6,4.9,4.9,4.4,2.8,3.9,4.0,3.5,2.3,2.0,1.4,1.1,1.7,1.9,1.5,1.8,1.0,0.9,0.9,0.9,0.8,0.9,0.8,0.8,0.9,0.8,0.8,10.0,8.6,7.4,5.1,3.7,3.4,4.4,5.4],[4.5,4.8,4.8,4.6,3.5,4.4,4.4,4.1,2.8,3.6,3.7,3.3,2.3,2.0,1.3,1.2,1.7,2.0,1.6,1.8,0.9,0.9,0.9,0.8,0.8,0.8,0.8,0.8,0.8,0.8,0.8,9.5,8.3,7.1,4.7,3.9,3.0,4.2,5.3],[4.8,5.2,5.2,5.0,3.7,4.8,4.7,4.4,2.9,4.0,4.1,3.5,2.5,2.3,1.5,1.2,1.8,2.3,1.6,2.0,0.9,0.8,0.9,0.9,0.8,0.8,0.9,0.8,0.8,0.8,0.8,10.1,8.7,7.4,4.9,3.8,3.1,4.2,5.3],[4.6,4.9,5.0,4.7,3.5,4.6,4.5,4.1,2.8,3.7,3.8,3.3,2.3,2.2,1.4,1.1,1.7,2.1,1.4,1.9,0.8,0.8,0.8,0.8,0.8,0.8,1.0,0.8,0.8,0.8,0.8,9.2,8.2,7.3,4.9,4.0,3.2,3.8,5.2],[4.3,4.5,4.4,4.2,3.3,4.1,4.1,3.9,2.6,3.5,3.5,3.1,2.0,1.8,1.2,1.0,1.6,1.8,1.3,1.6,0.8,0.8,0.8,0.8,0.8,0.8,0.9,0.8,0.8,0.8,0.9,8.9,7.7,6.8,4.6,3.9,2.9,3.4,4.7],[14.7,15.7,15.4,15.2,13.3,14.3,14.3,14.2,11.8,13.6,14.1,13.7,11.0,11.0,9.7,9.4,11.7,12.2,11.2,12.1,9.9,9.5,9.9,9.4,9.3,9.5,9.9,9.7,10.3,9.7,9.6,1.0,2.9,4.3,5.8,7.3,8.1,9.6,12.6],[10.9,11.5,10.9,10.9,9.6,11.0,12.1,9.6,8.2,10.3,10.6,9.5,7.6,8.4,7.0,6.6,9.6,10.1,8.8,9.3,7.7,7.0,7.6,7.3,6.7,6.5,6.9,6.9,7.1,6.7,6.5,2.0,1.0,1.9,2.8,3.9,5.3,6.1,8.9],[9.8,11.0,10.1,11.1,7.4,9.8,10.4,7.8,6.4,8.9,9.2,7.4,6.4,5.9,5.8,5.9,8.4,8.8,7.7,8.2,6.1,5.8,6.5,6.2,5.8,5.3,5.2,5.4,5.6,5.6,5.6,2.8,1.8,1.0,1.9,2.5,4.0,5.0,7.5],[5.7,7.2,6.9,7.2,5.1,6.5,6.7,5.3,4.3,6.2,6.4,5.0,4.3,4.7,4.3,4.5,5.4,6.0,5.2,6.1,4.7,4.4,5.1,4.8,4.4,4.0,4.0,4.3,4.3,3.9,4.1,3.5,2.7,1.7,0.9,1.7,2.4,3.9,5.6],[3.9,5.2,5.1,5.2,4.0,4.9,4.9,4.5,3.5,4.4,4.6,3.6,3.6,4.0,3.9,3.8,4.4,4.7,4.2,4.8,3.8,3.6,4.0,3.8,3.5,3.3,3.6,3.7,3.7,3.6,3.4,4.4,3.6,2.4,1.6,0.9,1.8,2.4,4.3],[3.6,4.3,4.0,4.1,3.2,3.8,4.0,3.6,3.3,3.6,3.9,3.1,3.1,3.5,3.8,3.5,4.0,4.1,3.7,4.1,3.5,3.8,4.1,4.1,3.8,3.8,3.7,3.9,3.8,3.7,3.8,5.8,4.5,3.5,2.4,1.6,0.9,1.6,2.7],[2.9,3.5,3.2,3.3,2.8,2.8,3.1,3.0,3.0,2.9,3.2,2.7,3.2,3.3,3.6,3.5,3.7,3.8,3.6,3.8,3.6,3.9,4.2,4.3,3.8,3.6,3.9,3.9,3.9,3.6,3.9,7.3,5.8,5.0,3.7,3.0,1.7,1.0,1.9],[3.1,3.7,3.5,3.4,3.0,2.7,3.3,3.1,3.6,3.2,3.7,3.2,3.5,3.5,3.8,3.9,4.3,4.6,4.5,5.0,4.3,4.5,4.9,4.8,4.7,4.6,4.9,5.0,5.1,4.5,4.6,9.0,6.4,5.4,5.0,4.1,3.8,1.8,1.1]],
  "token_chain_ids": ["A","A","A","A","A","A","A","A","A","A","A","A","A","A","A","A","A","A","A","A","A","A","A","A","A","A","A","A","A","A","A","B","B","B","B","B","B","B","B"],
  "token_res_ids": [1,1,1,1,1,1,1,1,1,1,1,1,1,1,1,1,1,1,1,1,1,1,1,1,1,1,1,1,1,1,1,1,2,3,4,5,6,7,8]
}