{
  "atom_chain_ids": ["A","A","A","A","A","A","A","A","A","A","A","A","A","A","A","A","A","A","A","A","A","A","A","A","A","A","A","A","A","A","A","B","B","B","B","B","B","B","B","B","B","B","B","B","B","B","B","B","B","B","B","B","B","B","B","B","B","B","B","B","B","B","B","B","B","B","B","B","B","B","B","B","B","B","B","B","B","B","B","B","B","B","B","B","B","B","B","B","B","B","B","B","B","B","B","B","B","B","B","B","B","B","B","B","B","B","B","B","B","B","B","B","B","B","B","B","B","B","B","B","B","B","B","B","B","B","B","B","B","B","B","B","B","B","B","B","B","B","B","B","B","B","B","B","B","B","B","B","B","B","B","B","B","B","B","B","B","B","B","B","B","B","B","B","B","B","B","B","B","B","B","B","B","B","B","B","B","B","B","B","B","B","B","B","B","B","B","B","B","B","B","B"],
  "atom_plddts": [63.08,57.39,58.27,55.32,68.36,50.64,47.55,70.14,61.22,59.87,61.2,63.89,65.37,68.46,60.81,67.5,74.41,67.35,78.5,70.72,68.95,75.04,68.97,69.87,71.98,63.53,70.31,69.07,69.34,70.32,73.55,48.93,51.68,48.24,48.15,52.72,55.13,60.09,59.88,65.06,65.26,64.15,62.18,61.47,59.26,56.28,53.46,52.45,51.5,50.65,54.72,59.32,61.72,57.08,58.01,62.75,63.36,66.93,67.23,70.6,69.2,69.42,66.96,67.22,65.58,60.68,56.43,55.84,55.36,52.57,58.6,63.28,64.54,60.05,60.91,65.15,66.15,69.53,70.28,72.83,71.62,71.3,68.72,69.22,68.07,63.99,60.03,59.56,59.03,56.45,61.87,66.03,64.28,59.77,60.72,65.24,67.21,70.73,72.0,74.52,73.4,72.62,70.72,70.47,70.01,65.81,62.06,61.76,61.48,59.22,63.9,67.72,67.18,62.53,63.63,68.08,70.38,73.36,75.7,77.63,76.74,76.46,74.33,74.87,75.8,72.71,69.78,70.68,70.96,69.0,71.93,74.25,59.59,57.35,58.72,63.99,67.17,71.14,74.6,77.77,76.56,77.28,74.7,75.58,76.76,74.12,71.62,72.84,73.23,71.92,74.17,76.31,61.5,59.59,62.04,65.92,69.4,73.21,75.43,78.48,76.67,76.75,74.54,74.88,75.43,72.75,69.79,70.34,70.34,69.24,72.07,74.57,64.48,62.63,64.53,68.25,72.2,76.06,74.76,78.44,75.96,74.53,72.81,72.46,72.13,66.85,62.8,62.42,61.82,61.1,65.27,70.22],
  "contact_probs": [[1.0,1.0,1.0,1.0,1.0,1.0,1.0,1.0,1.0,1.0,1.0,1.0,1.0,0.99,0.8,0.5,0.7,0.51,0.42,0.23,0.29,0.31,0.43,0.34,0.17,0.09,0.09,0.05,0.05,0.07,0.15,0.02,0.01,0.01,0.02,0.04,0.09,0.2,0.21],[1.0,1.0,1.0,1.0,1.0,1.0,1.0,1.0,1.0,0.99,0.99,1.0,0.99,0.9,0.56,0.36,0.5,0.37,0.31,0.18,0.22,0.23,0.32,0.25,0.12,0.07,0.07,0.04,0.04,0.06,0.11,0.02,0.01,0.01,0.02,0.04,0.07,0.17,0.2],[1.0,1.0,1.0,1.0,1.0,1.0,1.0,1.0,1.0,0.99,0.99,1.0,0.99,0.9,0.56,0.37,0.51,0.37,0.32,0.19,0.23,0.24,0.33,0.25,0.13,0.07,0.08,0.04,0.04,0.06,0.12,0.02,0.01,0.01,0.02,0.04,0.08,0.18,0.2],[1.0,1.0,1.0,1.0,1.0,1.0,1.0,1.0,1.0,0.99,0.99,1.0,0.99,0.9,0.55,0.35,0.5,0.37,0.31,0.18,0.22,0.22,0.31,0.24,0.12,0.07,0.07,0.04,0.04,0.06,0.11,0.02,0.01,0.01,0.02,0.04,0.07,0.17,0.19],[1.0,1.0,1.0,1.0,1.0,1.0,1.0,1.0,1.0,1.0,1.0,1.0,1.0,1.0,1.0,1.0,1.0,0.94,0.95,0.64,0.96,0.88,0.89,0.68,0.42,0.19,0.14,0.08,0.1,0.21,0.49,0.02,0.01,0.01,0.02,0.07,0.19,0.43,0.31],[1.0,1.0,1.0,1.0,1.0,1.0,1.0,1.0,1.0,1.0,1.0,1.0,1.0,1.0,1.0,0.95,0.97,0.78,0.78,0.45,0.75,0.67,0.72,0.5,0.31,0.15,0.13,0.07,0.09,0.17,0.36,0.02,0.01,0.01,0.03,0.06,0.18,0.36,0.29],[1.0,1.0,1.0,1.0,1.0,1.0,1.0,1.0,1.0,1.0,1.0,1.0,1.0,1.0,0.99,0.95,0.97,0.79,0.78,0.45,0.76,0.67,0.72,0.5,0.3,0.14,0.12,0.07,0.08,0.16,0.35,0.02,0.01,0.01,0.03,0.06,0.17,0.35,0.29],[1.0,1.0,1.0,1.0,1.0,1.0,1.0,1.0,1.0,1.0,1.0,1.0,1.0,1.0,0.99,0.91,0.96,0.77,0.72,0.39,0.63,0.53,0.66,0.46,0.24,0.11,0.09,0.06,0.07,0.12,0.26,0.02,0.01,0.01,0.02,0.06,0.13,0.28,0.25],[1.0,1.0,1.0,1.0,1.0,1.0,1.0,1.0,1.0,1.0,1.0,1.0,1.0,1.0,1.0,1.0,1.0,1.0,1.0,1.0,1.0,1.0,0.99,0.95,0.89,0.48,0.27,0.2,0.23,0.77,0.99,0.02,0.01,0.01,0.02,0.11,0.51,0.75,0.4],[1.0,0.99,0.99,0.99,1.0,1.0,1.0,1.0,1.0,1.0,1.0,1.0,1.0,1.0,1.0,1.0,1.0,1.0,1.0,0.96,1.0,1.0,0.98,0.88,0.75,0.43,0.27,0.21,0.22,0.5,0.9,0.01,0.01,0.01,0.03,0.11,0.45,0.68,0.38],[1.0,0.99,0.99,0.99,1.0,1.0,1.0,1.0,1.0,1.0,1.0,1.0,1.0,1.0,1.0,1.0,1.0,1.0,1.0,0.95,1.0,1.0,0.98,0.87,0.74,0.4,0.26,0.19,0.21,0.49,0.9,0.01,0.01,0.01,0.03,0.11,0.45,0.68,0.38],[1.0,1.0,1.0,1.0,1.0,1.0,1.0,1.0,1.0,1.0,1.0,1.0,1.0,1.0,1.0,1.0,1.0,1.0,1.0,0.97,1.0,0.99,0.98,0.87,0.68,0.31,0.2,0.15,0.17,0.43,0.86,0.02,0.01,0.01,0.02,0.09,0.32,0.57,0.33],[1.0,0.99,0.99,0.99,1.0,1.0,1.0,1.0,1.0,1.0,1.0,1.0,1.0,1.0,1.0,1.0,1.0,1.0,1.0,1.0,1.0,1.0,1.0,0.99,0.98,0.79,0.43,0.51,0.7,0.99,1.0,0.01,0.01,0.01,0.03,0.13,0.69,0.81,0.4],[0.99,0.9,0.9,0.9,1.0,1.0,1.0,1.0,1.0,1.0,1.0,1.0,1.0,1.0,1.0,1.0,1.0,1.0,1.0,1.0,1.0,1.0,1.0,1.0,1.0,0.9,0.22,0.44,0.91,1.0,1.0,0.01,0.01,0.01,0.03,0.12,0.75,0.83,0.38],[0.8,0.56,0.56,0.55,1.0,1.0,0.99,0.99,1.0,1.0,1.0,1.0,1.0,1.0,1.0,1.0,1.0,1.0,1.0,1.0,1.0,1.0,1.0,1.0,1.0,1.0,0.57,1.0,1.0,1.0,1.0,0.01,0.01,0.01,0.04,0.17,0.86,0.82,0.32],[0.5,0.36,0.37,0.35,1.0,0.95,0.95,0.91,1.0,1.0,1.0,1.0,1.0,1.0,1.0,1.0,1.0,1.0,1.0,1.0,1.0,1.0,1.0,1.0,1.0,1.0,1.0,1.0,1.0,1.0,1.0,0.01,0.01,0.02,0.05,0.33,0.94,0.88,0.33],[0.7,0.5,0.51,0.5,1.0,0.97,0.97,0.96,1.0,1.0,1.0,1.0,1.0,1.0,1.0,1.0,1.0,1.0,1.0,1.0,1.0,1.0,1.0,1.0,1.0,1.0,0.6,1.0,1.0,1.0,1.0,0.01,0.01,0.01,0.04,0.16,0.79,0.68,0.23],[0.51,0.37,0.37,0.37,0.94,0.78,0.79,0.77,1.0,1.0,1.0,1.0,1.0,1.0,1.0,1.0,1.0,1.0,1.0,1.0,1.0,1.0,1.0,1.0,1.0,0.76,0.04,0.58,0.97,1.0,1.0,0.01,0.01,0.01,0.03,0.11,0.47,0.45,0.2],[0.42,0.31,0.32,0.31,0.95,0.78,0.78,0.72,1.0,1.0,1.0,1.0,1.0,1.0,1.0,1.0,1.0,1.0,1.0,1.0,1.0,1.0,1.0,1.0,1.0,1.0,1.0,1.0,1.0,1.0,1.0,0.02,0.02,0.03,0.08,0.33,0.89,0.67,0.18],[0.23,0.18,0.19,0.18,0.64,0.45,0.45,0.39,1.0,0.96,0.95,0.97,1.0,1.0,1.0,1.0,1.0,1.0,1.0,1.0,1.0,1.0,1.0,1.0,1.0,1.0,0.96,1.0,1.0,1.0,1.0,0.02,0.02,0.04,0.09,0.31,0.76,0.42,0.15],[0.29,0.22,0.23,0.22,0.96,0.75,0.76,0.63,1.0,1.0,1.0,1.0,1.0,1.0,1.0,1.0,1.0,1.0,1.0,1.0,1.0,1.0,1.0,1.0,1.0,1.0,1.0,1.0,1.0,1.0,1.0,0.01,0.02,0.03,0.1,0.51,0.95,0.84,0.23],[0.31,0.23,0.24,0.22,0.88,0.67,0.67,0.53,1.0,1.0,1.0,0.99,1.0,1.0,1.0,1.0,1.0,1.0,1.0,1.0,1.0,1.0,1.0,1.0,1.0,1.0,1.0,1.0,1.0,1.0,1.0,0.02,0.03,0.05,0.15,0.8,0.96,0.84,0.19],[0.43,0.32,0.33,0.31,0.89,0.72,0.72,0.66,0.99,0.98,0.98,0.98,1.0,1.0,1.0,1.0,1.0,1.0,1.0,1.0,1.0,1.0,1.0,1.0,1.0,1.0,1.0,1.0,1.0,1.0,1.0,0.02,0.03,0.04,0.13,0.69,0.95,0.79,0.21],[0.34,0.25,0.25,0.24,0.68,0.5,0.5,0.46,0.95,0.88,0.87,0.87,0.99,1.0,1.0,1.0,1.0,1.0,1.0,1.0,1.0,1.0,1.0,1.0,1.0,1.0,1.0,1.0,1.0,1.0,1.0,0.03,0.04,0.07,0.21,0.82,0.95,0.68,0.15],[0.17,0.12,0.13,0.12,0.42,0.31,0.3,0.24,0.89,0.75,0.74,0.68,0.98,1.0,1.0,1.0,1.0,1.0,1.0,1.0,1.0,1.0,1.0,1.0,1.0,1.0,1.0,1.0,1.0,1.0,1.0,0.03,0.06,0.1,0.33,0.91,0.95,0.66,0.11],[0.09,0.07,0.07,0.07,0.19,0.15,0.14,0.11,0.48,0.43,0.4,0.31,0.79,0.9,1.0,1.0,1.0,0.76,1.0,1.0,1.0,1.0,1.0,1.0,1.0,1.0,1.0,1.0,1.0,1.0,1.0,0.04,0.08,0.16,0.48,0.92,0.94,0.46,0.07],[0.09,0.07,0.08,0.07,0.14,0.13,0.12,0.09,0.27,0.27,0.26,0.2,0.43,0.22,0.57,1.0,0.6,0.04,1.0,0.96,1.0,1.0,1.0,1.0,1.0,1.0,1.0,1.0,1.0,1.0,1.0,0.04,0.09,0.19,0.49,0.88,0.92,0.33,0.06],[0.05,0.04,0.04,0.04,0.08,0.07,0.07,0.06,0.2,0.21,0.19,0.15,0.51,0.44,1.0,1.0,1.0,0.58,1.0,1.0,1.0,1.0,1.0,1.0,1.0,1.0,1.0,1.0,1.0,1.0,1.0,0.03,0.08,0.18,0.53,0.89,0.93,0.3,0.06],[0.05,0.04,0.04,0.04,0.1,0.09,0.08,0.07,0.23,0.22,0.21,0.17,0.7,0.91,1.0,1.0,1.0,0.97,1.0,1.0,1.0,1.0,1.0,1.0,1.0,1.0,1.0,1.0,1.0,1.0,1.0,0.02,0.06,0.16,0.49,0.9,0.94,0.34,0.07],[0.07,0.06,0.06,0.06,0.21,0.17,0.16,0.12,0.77,0.5,0.49,0.43,0.99,1.0,1.0,1.0,1.0,1.0,1.0,1.0,1.0,1.0,1.0,1.0,1.0,1.0,1.0,1.0,1.0,1.0,1.0,0.02,0.04,0.1,0.35,0.87,0.95,0.54,0.1],[0.15,0.11,0.12,0.11,0.49,0.36,0.35,0.26,0.99,0.9,0.9,0.86,1.0,1.0,1.0,1.0,1.0,1.0,1.0,1.0,1.0,1.0,1.0,1.0,1.0,1.0,1.0,1.0,1.0,1.0,1.0,0.02,0.04,0.08,0.27,0.9,0.97,0.74,0.13],[0.02,0.02,0.02,0.02,0.02,0.02,0.02,0.02,0.02,0.01,0.01,0.02,0.01,0.01,0.01,0.01,0.01,0.01,0.02,0.02,0.01,0.02,0.02,0.03,0.03,0.04,0.04,0.03,0.02,0.02,0.02,1.0,0.85,0.1,0.04,0.02,0.0,0.0,0.0],[0.01,0.01,0.01,0.01,0.01,0.01,0.01,0.01,0.01,0.01,0.01,0.01,0.01,0.01,0.01,0.01,0.01,0.01,0.02,0.02,0.02,0.03,0.03,0.04,0.06,0.08,0.09,0.08,0.06,0.04,0.04,0.85,1.0,0.69,0.14,0.04,0.01,0.0,0.0],[0.01,0.01,0.01,0.01,0.01,0.01,0.01,0.01,0.01,0.01,0.01,0.01,0.01,0.01,0.01,0.02,0.01,0.01,0.03,0.04,0.03,0.05,0.04,0.07,0.1,0.16,0.19,0.18,0.16,0.1,0.08,0.1,0.69,1.0,0.64,0.11,0.02,0.01,0.0],[0.02,0.02,0.02,0.02,0.02,0.03,0.03,0.02,0.02,0.03,0.03,0.02,0.03,0.03,0.04,0.05,0.04,0.03,0.08,0.09,0.1,0.15,0.13,0.21,0.33,0.48,0.49,0.53,0.49,0.35,0.27,0.04,0.14,0.64,1.0,0.79,0.06,0.02,0.01],[0.04,0.04,0.04,0.04,0.07,0.06,0.06,0.06,0.11,0.11,0.11,0.09,0.13,0.12,0.17,0.33,0.16,0.11,0.33,0.31,0.51,0.8,0.69,0.82,0.91,0.92,0.88,0.89,0.9,0.87,0.9,0.02,0.04,0.11,0.79,1.0,0.92,0.05,0.01],[0.09,0.07,0.08,0.07,0.19,0.18,0.17,0.13,0.51,0.45,0.45,0.32,0.69,0.75,0.86,0.94,0.79,0.47,0.89,0.76,0.95,0.96,0.95,0.95,0.95,0.94,0.92,0.93,0.94,0.95,0.97,0.0,0.01,0.02,0.06,0.92,1.0,0.93,0.07],[0.2,0.17,0.18,0.17,0.43,0.36,0.35,0.28,0.75,0.68,0.68,0.57,0.81,0.83,0.82,0.88,0.68,0.45,0.67,0.42,0.84,0.84,0.79,0.68,0.66,0.46,0.33,0.3,0.34,0.54,0.74,0.0,0.0,0.01,0.02,0.05,0.93,1.0,0.86],[0.21,0.2,0.2,0.19,0.31,0.29,0.29,0.25,0.4,0.38,0.38,0.33,0.4,0.38,0.32,0.33,0.23,0.2,0.18,0.15,0.23,0.19,0.21,0.15,0.11,0.07,0.06,0.06,0.07,0.1,0.13,0.0,0.0,0.0,0.01,0.01,0.07,0.86,1.0]],
  "pae": [[0.8,1.7,1.6,1.4,2.1,3.3,3.2,1.0,3.1,4.8,4.5,2.4,3.5,4.0,4.8,4.3,5.6,6.7,6.4,7.0,5.7,6.3,6.5,6.8,7.5,7.5,8.0,8.4,8.4,7.4,7.2,19.0,18.2,16.1,15.0,11.1,8.1,6.7,6.4],[1.0,0.8,1.9,1.8,1.8,3.3,3.1,1.1,2.7,4.5,4.4,2.2,3.1,3.7,4.2,4.0,4.9,6.2,5.7,6.4,5.1,5.8,5.9,6.2,6.6,6.9,7.6,7.6,7.3,6.6,6.4,17.4,16.9,15.0,12.0,9.3,7.6,6.4,5.5],[1.0,2.0,0.8,1.8,1.8,3.2,3.5,1.2,2.9,4.6,4.6,2.3,3.3,3.7,4.4,4.1,5.1,6.4,6.0,6.7,5.4,6.3,6.2,6.6,7.1,7.3,8.1,7.8,7.5,7.0,6.8,18.0,17.0,15.4,12.6,9.9,8.2,6.6,5.6],[1.1,2.0,1.7,0.8,1.8,3.2,3.4,1.1,2.7,4.4,4.3,2.2,3.0,3.7,4.4,4.1,5.2,6.4,5.7,6.5,5.1,5.7,6.1,6.3,6.6,6.9,7.7,7.7,7.5,6.6,6.2,17.0,17.0,14.7,12.4,9.7,7.7,6.6,5.4],[2.4,2.9,2.6,2.7,0.8,1.3,1.5,1.2,1.9,3.6,3.2,1.0,2.2,3.3,3.8,3.9,4.9,6.3,6.2,6.3,5.1,5.6,5.8,6.3,6.7,7.2,7.8,7.7,7.6,6.1,6.3,16.3,16.1,13.5,12.6,9.4,7.6,5.7,6.2],[2.7,3.3,3.2,3.2,1.1,0.8,1.7,1.5,2.0,3.4,3.4,1.3,2.3,3.6,4.0,4.3,4.8,6.1,6.1,6.3,5.1,6.0,5.8,6.7,6.8,7.3,7.8,7.8,7.5,6.3,6.0,16.4,15.8,13.1,11.4,9.9,8.0,6.2,6.0],[2.5,3.3,3.3,3.3,1.0,1.5,0.8,1.4,2.0,3.4,3.3,1.2,2.2,3.7,4.3,4.3,4.8,6.2,6.0,6.4,5.0,5.9,5.7,6.7,7.1,7.5,7.9,7.7,7.5,6.6,6.2,16.6,15.8,12.2,11.3,9.5,7.6,5.8,5.5],[1.1,2.4,2.3,2.3,1.0,2.4,2.6,0.8,2.2,3.4,3.8,1.7,2.4,3.3,3.6,3.7,4.5,6.1,5.7,6.6,4.8,5.4,6.1,7.0,6.9,7.2,8.1,7.9,7.6,6.7,5.9,15.5,15.6,13.0,11.5,10.3,8.7,6.0,5.8],[3.7,4.4,4.5,4.4,2.0,3.0,3.2,2.8,0.8,1.4,1.2,1.1,1.0,2.1,2.0,3.0,3.4,4.6,4.6,4.9,3.7,4.8,4.9,5.7,5.8,6.3,6.9,6.7,6.7,5.5,5.4,14.9,14.6,12.7,11.5,8.4,6.9,5.1,6.0],[4.1,4.8,5.0,4.6,2.3,3.5,3.6,3.2,1.1,0.8,1.2,1.0,1.0,2.2,2.4,3.0,3.2,4.2,4.6,4.9,3.8,4.5,5.0,6.1,6.0,6.4,7.1,6.6,6.4,5.3,5.2,15.3,15.2,12.7,11.4,9.4,7.2,5.6,5.4],[4.2,4.8,5.0,4.6,2.3,3.4,3.5,3.2,1.1,1.3,0.8,1.1,1.1,2.1,2.4,2.9,3.3,4.2,4.6,4.9,3.8,5.0,5.2,6.2,6.2,6.7,7.0,6.7,6.5,5.5,5.6,15.8,15.7,13.1,11.8,9.9,7.5,5.8,6.3],[2.8,3.2,3.2,3.3,1.0,2.3,2.2,2.0,0.9,2.3,2.3,0.8,1.4,2.3,2.4,2.7,3.2,4.6,4.6,5.2,3.6,4.4,4.5,5.8,5.7,6.1,6.9,6.6,6.3,5.3,5.1,14.8,14.5,12.0,11.2,8.8,7.2,5.2,5.8],[4.1,4.8,4.8,4.7,2.4,3.5,3.6,3.1,1.0,1.9,2.0,1.5,0.8,0.8,1.2,1.8,2.0,3.3,2.9,3.6,2.4,3.3,3.9,4.7,4.8,5.1,5.8,5.6,5.1,4.1,4.1,13.8,12.7,11.1,10.4,7.4,6.0,4.4,6.3],[4.5,5.3,5.4,5.2,3.0,3.9,4.0,3.6,1.8,2.4,2.5,2.0,0.9,0.8,0.9,1.4,1.9,2.6,2.2,2.7,1.7,2.4,3.4,4.1,3.9,4.4,4.8,4.6,4.3,3.2,3.0,12.5,11.0,10.3,8.8,6.5,4.6,3.9,6.4],[4.1,4.5,4.6,4.4,2.9,3.8,3.9,3.4,2.1,2.9,3.0,2.5,1.8,0.8,0.8,0.8,0.8,1.1,1.2,1.6,0.9,1.1,1.5,1.8,1.6,2.0,2.1,2.1,2.1,1.6,1.5,9.4,7.8,7.2,5.8,3.7,2.9,2.9,4.9],[4.2,4.5,4.6,4.3,3.1,3.9,4.0,3.4,2.2,3.0,3.1,2.7,1.6,0.9,0.8,0.8,0.8,1.1,0.8,1.0,0.8,0.8,1.3,1.5,1.4,1.6,1.8,1.9,2.0,1.5,1.2,8.8,7.7,7.0,5.3,3.4,2.8,3.1,4.7],[4.4,4.7,4.8,4.7,3.2,4.1,4.1,3.7,2.4,3.1,3.2,2.8,1.9,1.2,0.8,0.9,0.8,0.8,0.8,1.2,0.9,1.2,1.7,2.0,2.1,2.4,2.8,2.9,2.7,1.9,1.6,9.5,8.2,7.2,6.1,4.2,3.0,3.2,5.4],[4.5,4.9,5.1,4.9,3.3,4.1,4.3,3.8,2.4,3.1,3.1,2.7,1.6,0.9,0.8,0.8,0.8,0.8,0.8,1.0,1.0,1.1,1.7,2.0,1.8,1.9,2.2,2.3,2.5,1.7,1.5,10.1,8.6,7.4,6.1,4.4,3.5,4.2,6.2],[5.0,5.2,5.4,5.0,3.5,4.7,4.8,4.2,2.6,3.5,3.6,3.2,2.0,1.4,1.0,0.9,0.8,1.1,0.8,0.8,0.8,0.9,1.7,2.2,2.0,2.2,2.2,2.5,2.4,2.0,1.4,9.6,9.3,8.3,6.4,4.1,3.2,3.5,5.9],[4.6,5.1,5.2,5.0,3.4,4.3,4.4,3.9,2.4,3.3,3.2,2.9,1.9,1.3,1.0,0.8,0.8,1.0,0.8,0.8,0.8,0.8,1.9,2.2,2.1,2.3,2.2,2.4,2.6,1.9,1.5,10.0,9.3,8.0,6.3,4.4,3.4,4.0,5.8],[4.1,4.1,4.3,4.1,3.1,3.8,3.9,3.6,2.2,2.9,3.0,2.6,1.8,1.2,0.8,0.8,0.9,1.0,0.8,1.0,0.8,0.8,1.1,1.0,1.0,1.3,1.4,1.6,1.7,1.3,1.0,9.1,7.8,7.1,4.9,3.2,2.6,3.0,4.7],[4.0,3.9,4.0,3.8,3.1,3.7,3.8,3.4,2.4,3.2,3.2,2.8,1.9,1.6,1.0,0.8,1.3,1.6,1.0,1.5,0.8,1.0,0.8,0.8,0.8,0.9,1.1,1.0,1.0,0.8,0.8,7.5,6.2,5.5,3.8,3.0,2.5,3.0,4.3],[4.1,4.4,4.5,4.2,3.2,3.7,3.9,3.5,2.5,3.2,3.3,2.9,2.1,1.7,1.1,1.0,1.5,2.0,1.1,1.7,0.8,0.8,0.8,0.8,0.8,1.0,1.0,0.9,0.9,0.8,0.8,7.8,6.5,5.7,4.0,3.1,2.6,3.4,4.7],[4.2,4.5,4.7,4.3,3.2,3.9,4.1,3.6,2.5,3.3,3.4,3.0,2.1,1.8,1.2,0.9,1.5,1.8,1.2,1.7,0.8,0.8,0.8,0.8,0.8,0.8,0.9,0.8,0.9,0.8,0.8,7.6,6.3,5.5,3.9,3.2,2.6,3.4,4.6],[3.9,4.1,4.2,3.9,3.0,3.7,3.8,3.5,2.4,3.1,3.2,2.8,2.0,1.7,1.1,0.9,1.4,1.7,1.1,1.6,0.8,0.8,0.8,0.8,0.9,0.8,0.8,0.8,0.8,0.8,0.8,7.1,5.6,5.0,3.3,2.7,2.2,3.0,4.4],[4.1,4.2,4.3,4.0,3.1,3.8,3.8,3.5,2.4,3.2,3.2,2.8,2.0,1.7,1.3,1.0,1.5,1.8,1.3,1.7,0.9,0.8,0.8,0.8,0.8,0.8,0.8,0.8,0.8,0.8,0.8,7.4,6.0,5.2,3.3,2.6,2.4,3.0,4.5],[4.3,4.7,5.0,4.6,3.3,4.2,4.3,3.9,2.6,3.5,3.6,3.1,2.2,1.9,1.3,1.0,1.7,1.9,1.5,1.8,1.0,0.9,0.9,0.8,0.8,0.8,0.8,0.8,0.8,0.8,0.8,8.8,6.8,6.1,3.9,2.9,2.7,3.4,4.8],[4.2,4.4,4.6,4.3,3.2,4.0,4.0,3.7,2.7,3.4,3.5,3.0,2.2,1.9,1.3,1.2,1.7,2.0,1.5,1.9,0.9,0.8,0.9,0.8,0.8,0.8,0.8,0.8,0.8,0.8,0.8,7.9,6.1,5.7,3.6,2.8,2.5,3.2,4.5],[4.4,4.6,4.8,4.4,3.3,4.1,4.2,3.9,2.7,3.6,3.7,3.2,2.3,2.1,1.4,1.2,1.8,2.3,1.5,2.0,0.9,0.8,0.9,0.8,0.8,0.8,0.8,0.8,0.8,0.8,0.8,7.9,6.6,5.7,3.5,2.7,2.4,3.2,4.6],[4.3,4.5,4.6,4.3,3.3,4.0,4.1,3.8,2.7,3.5,3.6,3.1,2.2,2.0,1.3,1.1,1.7,2.1,1.3,1.9,0.8,0.8,0.8,0.8,0.8,0.8,1.0,0.8,0.8,0.8,0.8,7.7,6.5,5.6,3.8,3.0,2.5,3.2,4.8],[3.9,3.8,3.9,3.7,3.0,3.5,3.7,3.4,2.5,3.1,3.2,2.8,1.9,1.7,1.1,0.9,1.4,1.8,1.2,1.6,0.8,0.8,0.8,0.8,0.8,0.8,0.8,0.8,0.8,0.8,0.9,6.9,5.4,4.8,3.5,2.5,2.1,2.8,4.1],[11.0,11.9,12.2,11.7,9.7,10.5,9.9,10.1,9.4,9.8,9.9,10.0,8.9,9.2,8.5,8.1,9.3,9.6,8.7,9.4,8.1,7.8,7.7,7.8,7.6,7.6,7.5,7.4,7.3,7.4,7.6,1.0,2.2,3.2,4.8,5.9,7.3,8.5,10.2],[10.2,10.1,10.3,10.0,9.1,9.8,9.4,8.9,8.8,8.7,8.9,9.0,8.3,8.1,7.3,7.4,8.2,8.8,7.6,8.2,7.1,6.5,7.1,6.8,6.4,6.1,5.8,5.8,5.7,5.7,6.3,1.9,1.0,2.3,3.2,4.0,5.7,6.6,8.4],[7.3,7.5,7.7,7.5,6.2,7.0,6.7,6.3,5.6,6.7,6.8,5.7,5.4,5.5,5.3,5.5,5.9,6.6,5.5,6.5,5.0,4.9,5.5,5.1,4.8,4.3,4.6,4.7,4.3,4.6,4.5,2.6,2.0,1.0,1.8,2.2,3.6,4.5,6.7],[5.4,5.7,5.9,5.8,4.9,5.4,5.5,4.9,4.4,5.1,5.4,4.5,4.2,4.3,4.0,3.9,4.5,5.2,4.0,4.9,3.8,3.9,4.4,4.1,4.1,3.7,3.8,4.0,3.8,3.6,3.7,3.5,2.3,1.6,0.9,1.8,2.4,3.2,5.1],[3.8,4.5,4.7,4.7,3.6,4.3,4.3,4.2,3.3,3.8,4.1,3.5,3.1,3.3,3.2,3.1,3.5,3.8,3.3,3.7,3.1,2.9,3.3,3.2,2.8,2.8,2.9,2.9,3.0,2.8,2.8,4.2,3.2,2.2,1.4,0.9,1.7,2.4,4.1],[3.4,3.9,3.9,4.0,3.0,3.6,3.5,3.4,3.0,3.1,3.3,3.0,2.7,2.8,3.0,2.8,3.1,3.3,2.9,3.3,2.7,2.9,3.5,3.5,3.0,3.0,3.0,3.1,3.1,2.9,2.8,6.3,4.5,3.4,2.1,1.4,0.9,1.6,2.7],[2.9,3.5,3.5,3.5,2.6,3.0,3.0,3.0,2.9,2.9,2.8,2.7,2.9,2.8,2.9,2.8,3.0,3.2,3.0,3.4,2.7,3.1,3.6,3.6,3.4,3.2,3.5,3.4,3.3,3.2,3.3,7.7,6.1,5.3,3.6,2.6,1.7,1.0,1.9],[3.1,3.5,3.6,3.5,2.9,3.0,2.9,3.1,3.5,3.2,3.4,3.0,3.4,3.5,3.6,3.7,4.1,4.2,4.1,4.3,3.8,4.3,4.7,4.6,4.5,4.7,4.7,4.9,4.7,4.3,4.3,8.8,6.5,5.6,4.6,3.5,3.1,1.9,1.1]],
  "token_chain_ids": ["A","A","A","A","A","A","A","A","A","A","A","A","A","A","A","A","A","A","A","A","A","A","A","A","A","A","A","A","A","A","A","B","B","B","B","B","B","B","B"],
  "token_res_ids": [1,1,1,1,1,1,1,1,1,1,1,1,1,1,1,1,1,1,1,1,1,1,1,1,1,1,1,1,1,1,1,1,2,3,4,5,6,7,8]
}