{
  "atom_chain_ids": ["A","A","A","A","A","A","A","A","A","A","A","A","A","A","A","A","A","A","A","A","A","A","A","A","A","A","A","A","A","A","A","B","B","B","B","B","B","B","B","B","B","B","B","B","B","B","B","B","B","B","B","B","B","B","B","B","B","B","B","B","B","B","B","B","B","B","B","B","B","B","B","B","B","B","B","B","B","B","B","B","B","B","B","B","B","B","B","B","B","B","B","B","B","B","B","B","B","B","B","B","B","B","B","B","B","B","B","B","B","B","B","B","B","B","B","B","B","B","B","B","B","B","B","B","B","B","B","B","B","B","B","B","B","B","B","B","B","B","B","B","B","B","B","B","B","B","B","B","B","B","B","B","B","B","B","B","B","B","B","B","B","B","B","B","B","B","B","B","B","B","B","B","B","B","B","B","B","B","B","B","B","B","B","B","B","B","B","B","B","B","B","B"],
  "atom_plddts": [65.44,53.62,55.41,52.77,69.89,55.63,55.62,71.45,67.66,60.18,61.41,65.58,65.87,72.44,68.5,72.21,77.35,69.2,79.59,69.86,72.93,76.68,69.24,69.52,74.43,65.98,71.56,71.9,72.66,73.4,75.4,49.04,51.67,48.4,48.22,53.03,55.58,60.73,60.53,66.22,66.5,65.44,63.24,62.61,60.33,56.91,53.95,52.89,51.91,51.03,55.31,60.07,60.71,56.43,57.2,61.67,62.35,65.82,66.16,69.82,68.61,68.84,66.29,66.61,64.99,60.16,56.12,55.37,54.84,52.09,58.14,62.96,62.79,58.54,59.27,63.54,64.52,67.99,68.64,71.68,70.63,70.24,67.61,67.95,66.55,62.26,58.3,57.62,57.07,54.49,60.15,64.57,62.27,58.07,58.83,63.45,65.6,69.11,70.25,72.95,71.78,70.89,68.86,68.5,67.85,63.67,59.92,59.43,59.03,56.79,61.64,65.65,65.69,61.36,62.14,66.47,68.59,71.48,73.66,75.9,75.13,74.66,72.44,72.79,73.57,70.37,67.43,68.05,68.15,66.17,69.37,71.92,58.8,56.68,57.89,63.2,66.38,70.24,73.79,77.3,76.07,76.68,73.84,74.73,75.71,72.87,70.21,71.19,71.49,70.22,72.78,75.14,62.56,60.68,63.21,66.96,70.4,74.21,76.19,79.06,77.15,77.21,74.95,75.54,76.11,73.31,70.33,70.93,70.97,69.83,72.6,75.01,66.07,64.03,65.87,70.34,74.11,78.08,77.0,80.65,78.26,77.12,75.17,75.18,75.03,69.72,65.69,65.55,64.96,64.16,68.24,72.98],
  "contact_probs": [[1.0,1.0,1.0,1.0,1.0,1.0,1.0,1.0,1.0,1.0,1.0,1.0,1.0,0.99,0.8,0.5,0.7,0.51,0.42,0.23,0.29,0.31,0.43,0.34,0.17,0.09,0.09,0.05,0.05,0.07,0.15,0.02,0.01,0.01,0.02,0.04,0.09,0.2,0.21],[1.0,1.0,1.0,1.0,1.0,1.0,1.0,1.0,1.0,0.99,0.99,1.0,0.99,0.9,0.56,0.36,0.5,0.37,0.31,0.18,0.22,0.23,0.32,0.25,0.12,0.07,0.07,0.04,0.04,0.06,0.11,0.02,0.01,0.01,0.02,0.04,0.07,0.17,0.2],[1.0,1.0,1.0,1.0,1.0,1.0,1.0,1.0,1.0,0.99,0.99,1.0,0.99,0.9,0.56,0.37,0.51,0.37,0.32,0.19,0.23,0.24,0.33,0.25,0.13,0.07,0.08,0.04,0.04,0.06,0.12,0.02,0.01,0.01,0.02,0.04,0.08,0.18,0.2],[1.0,1.0,1.0,1.0,1.0,1.0,1.0,1.0,1.0,0.99,0.99,1.0,0.99,0.9,0.55,0.35,0.5,0.37,0.31,0.18,0.22,0.22,0.31,0.24,0.12,0.07,0.07,0.04,0.04,0.06,0.11,0.02,0.01,0.01,0.02,0.04,0.07,0.17,0.19],[1.0,1.0,1.0,1.0,1.0,1.0,1.0,1.0,1.0,1.0,1.0,1.0,1.0,1.0,1.0,1.0,1.0,0.94,0.95,0.64,0.96,0.88,0.89,0.68,0.42,0.19,0.14,0.08,0.1,0.21,0.49,0.02,0.01,0.01,0.02,0.07,0.19,0.43,0.31],[1.0,1.0,1.0,1.0,1.0,1.0,1.0,1.0,1.0,1.0,1.0,1.0,1.0,1.0,1.0,0.95,0.97,0.78,0.78,0.45,0.75,0.67,0.72,0.5,0.31,0.15,0.13,0.07,0.09,0.17,0.36,0.02,0.01,0.01,0.03,0.06,0.18,0.36,0.29],[1.0,1.0,1.0,1.0,1.0,1.0,1.0,1.0,1.0,1.0,1.0,1.0,1.0,1.0,0.99,0.95,0.97,0.79,0.78,0.45,0.76,0.67,0.72,0.5,0.3,0.14,0.12,0.07,0.08,0.16,0.35,0.02,0.01,0.01,0.03,0.06,0.17,0.35,0.29],[1.0,1.0,1.0,1.0,1.0,1.0,1.0,1.0,1.0,1.0,1.0,1.0,1.0,1.0,0.99,0.91,0.96,0.77,0.72,0.39,0.63,0.53,0.66,0.46,0.24,0.11,0.09,0.06,0.07,0.12,0.26,0.02,0.01,0.01,0.02,0.06,0.13,0.28,0.25],[1.0,1.0,1.0,1.0,1.0,1.0,1.0,1.0,1.0,1.0,1.0,1.0,1.0,1.0,1.0,1.0,1.0,1.0,1.0,1.0,1.0,1.0,0.99,0.95,0.89,0.48,0.27,0.2,0.23,0.77,0.99,0.02,0.01,0.01,0.02,0.11,0.51,0.75,0.4],[1.0,0.99,0.99,0.99,1.0,1.0,1.0,1.0,1.0,1.0,1.0,1.0,1.0,1.0,1.0,1.0,1.0,1.0,1.0,0.96,1.0,1.0,0.98,0.88,0.75,0.43,0.27,0.21,0.22,0.5,0.9,0.01,0.01,0.01,0.03,0.11,0.45,0.68,0.38],[1.0,0.99,0.99,0.99,1.0,1.0,1.0,1.0,1.0,1.0,1.0,1.0,1.0,1.0,1.0,1.0,1.0,1.0,1.0,0.95,1.0,1.0,0.98,0.87,0.74,0.4,0.26,0.19,0.21,0.49,0.9,0.01,0.01,0.01,0.03,0.11,0.45,0.68,0.38],[1.0,1.0,1.0,1.0,1.0,1.0,1.0,1.0,1.0,1.0,1.0,1.0,1.0,1.0,1.0,1.0,1.0,1.0,1.0,0.97,1.0,0.99,0.98,0.87,0.68,0.31,0.2,0.15,0.17,0.43,0.86,0.02,0.01,0.01,0.02,0.09,0.32,0.57,0.33],[1.0,0.99,0.99,0.99,1.0,1.0,1.0,1.0,1.0,1.0,1.0,1.0,1.0,1.0,1.0,1.0,1.0,1.0,1.0,1.0,1.0,1.0,1.0,0.99,0.98,0.79,0.43,0.51,0.7,0.99,1.0,0.01,0.01,0.01,0.03,0.13,0.69,0.81,0.4],[0.99,0.9,0.9,0.9,1.0,1.0,1.0,1.0,1.0,1.0,1.0,1.0,1.0,1.0,1.0,1.0,1.0,1.0,1.0,1.0,1.0,1.0,1.0,1.0,1.0,0.9,0.22,0.44,0.91,1.0,1.0,0.01,0.01,0.01,0.03,0.12,0.75,0.83,0.38],[0.8,0.56,0.56,0.55,1.0,1.0,0.99,0.99,1.0,1.0,1.0,1.0,1.0,1.0,1.0,1.0,1.0,1.0,1.0,1.0,1.0,1.0,1.0,1.0,1.0,1.0,0.57,1.0,1.0,1.0,1.0,0.01,0.01,0.01,0.04,0.17,0.86,0.82,0.32],[0.5,0.36,0.37,0.35,1.0,0.95,0.95,0.91,1.0,1.0,1.0,1.0,1.0,1.0,1.0,1.0,1.0,1.0,1.0,1.0,1.0,1.0,1.0,1.0,1.0,1.0,1.0,1.0,1.0,1.0,1.0,0.01,0.01,0.02,0.05,0.33,0.94,0.88,0.33],[0.7,0.5,0.51,0.5,1.0,0.97,0.97,0.96,1.0,1.0,1.0,1.0,1.0,1.0,1.0,1.0,1.0,1.0,1.0,1.0,1.0,1.0,1.0,1.0,1.0,1.0,0.6,1.0,1.0,1.0,1.0,0.01,0.01,0.01,0.04,0.16,0.79,0.68,0.23],[0.51,0.37,0.37,0.37,0.94,0.78,0.79,0.77,1.0,1.0,1.0,1.0,1.0,1.0,1.0,1.0,1.0,1.0,1.0,1.0,1.0,1.0,1.0,1.0,1.0,0.76,0.04,0.58,0.97,1.0,1.0,0.01,0.01,0.01,0.03,0.11,0.47,0.45,0.2],[0.42,0.31,0.32,0.31,0.95,0.78,0.78,0.72,1.0,1.0,1.0,1.0,1.0,1.0,1.0,1.0,1.0,1.0,1.0,1.0,1.0,1.0,1.0,1.0,1.0,1.0,1.0,1.0,1.0,1.0,1.0,0.02,0.02,0.03,0.08,0.33,0.89,0.67,0.18],[0.23,0.18,0.19,0.18,0.64,0.45,0.45,0.39,1.0,0.96,0.95,0.97,1.0,1.0,1.0,1.0,1.0,1.0,1.0,1.0,1.0,1.0,1.0,1.0,1.0,1.0,0.96,1.0,1.0,1.0,1.0,0.02,0.02,0.04,0.09,0.31,0.76,0.42,0.15],[0.29,0.22,0.23,0.22,0.96,0.75,0.76,0.63,1.0,1.0,1.0,1.0,1.0,1.0,1.0,1.0,1.0,1.0,1.0,1.0,1.0,1.0,1.0,1.0,1.0,1.0,1.0,1.0,1.0,1.0,1.0,0.01,0.02,0.03,0.1,0.51,0.95,0.84,0.23],[0.31,0.23,0.24,0.22,0.88,0.67,0.67,0.53,1.0,1.0,1.0,0.99,1.0,1.0,1.0,1.0,1.0,1.0,1.0,1.0,1.0,1.0,1.0,1.0,1.0,1.0,1.0,1.0,1.0,1.0,1.0,0.02,0.03,0.05,0.15,0.8,0.96,0.84,0.19],[0.43,0.32,0.33,0.31,0.89,0.72,0.72,0.66,0.99,0.98,0.98,0.98,1.0,1.0,1.0,1.0,1.0,1.0,1.0,1.0,1.0,1.0,1.0,1.0,1.0,1.0,1.0,1.0,1.0,1.0,1.0,0.02,0.03,0.04,0.13,0.69,0.95,0.79,0.21],[0.34,0.25,0.25,0.24,0.68,0.5,0.5,0.46,0.95,0.88,0.87,0.87,0.99,1.0,1.0,1.0,1.0,1.0,1.0,1.0,1.0,1.0,1.0,1.0,1.0,1.0,1.0,1.0,1.0,1.0,1.0,0.03,0.04,0.07,0.21,0.82,0.95,0.68,0.15],[0.17,0.12,0.13,0.12,0.42,0.31,0.3,0.24,0.89,0.75,0.74,0.68,0.98,1.0,1.0,1.0,1.0,1.0,1.0,1.0,1.0,1.0,1.0,1.0,1.0,1.0,1.0,1.0,1.0,1.0,1.0,0.03,0.06,0.1,0.33,0.91,0.95,0.66,0.11],[0.09,0.07,0.07,0.07,0.19,0.15,0.14,0.11,0.48,0.43,0.4,0.31,0.79,0.9,1.0,1.0,1.0,0.76,1.0,1.0,1.0,1.0,1.0,1.0,1.0,1.0,1.0,1.0,1.0,1.0,1.0,0.04,0.08,0.16,0.48,0.92,0.94,0.46,0.07],[0.09,0.07,0.08,0.07,0.14,0.13,0.12,0.09,0.27,0.27,0.26,0.2,0.43,0.22,0.57,1.0,0.6,0.04,1.0,0.96,1.0,1.0,1.0,1.0,1.0,1.0,1.0,1.0,1.0,1.0,1.0,0.04,0.09,0.19,0.49,0.88,0.92,0.33,0.06],[0.05,0.04,0.04,0.04,0.08,0.07,0.07,0.06,0.2,0.21,0.19,0.15,0.51,0.44,1.0,1.0,1.0,0.58,1.0,1.0,1.0,1.0,1.0,1.0,1.0,1.0,1.0,1.0,1.0,1.0,1.0,0.03,0.08,0.18,0.53,0.89,0.93,0.3,0.06],[0.05,0.04,0.04,0.04,0.1,0.09,0.08,0.07,0.23,0.22,0.21,0.17,0.7,0.91,1.0,1.0,1.0,0.97,1.0,1.0,1.0,1.0,1.0,1.0,1.0,1.0,1.0,1.0,1.0,1.0,1.0,0.02,0.06,0.16,0.49,0.9,0.94,0.34,0.07],[0.07,0.06,0.06,0.06,0.21,0.17,0.16,0.12,0.77,0.5,0.49,0.43,0.99,1.0,1.0,1.0,1.0,1.0,1.0,1.0,1.0,1.0,1.0,1.0,1.0,1.0,1.0,1.0,1.0,1.0,1.0,0.02,0.04,0.1,0.35,0.87,0.95,0.54,0.1],[0.15,0.11,0.12,0.11,0.49,0.36,0.35,0.26,0.99,0.9,0.9,0.86,1.0,1.0,1.0,1.0,1.0,1.0,1.0,1.0,1.0,1.0,1.0,1.0,1.0,1.0,1.0,1.0,1.0,1.0,1.0,0.02,0.04,0.08,0.27,0.9,0.97,0.74,0.13],[0.02,0.02,0.02,0.02,0.02,0.02,0.02,0.02,0.02,0.01,0.01,0.02,0.01,0.01,0.01,0.01,0.01,0.01,0.02,0.02,0.01,0.02,0.02,0.03,0.03,0.04,0.04,0.03,0.02,0.02,0.02,1.0,0.85,0.1,0.04,0.02,0.0,0.0,0.0],[0.01,0.01,0.01,0.01,0.01,0.01,0.01,0.01,0.01,0.01,0.01,0.01,0.01,0.01,0.01,0.01,0.01,0.01,0.02,0.02,0.02,0.03,0.03,0.04,0.06,0.08,0.09,0.08,0.06,0.04,0.04,0.85,1.0,0.69,0.14,0.04,0.01,0.0,0.0],[0.01,0.01,0.01,0.01,0.01,0.01,0.01,0.01,0.01,0.01,0.01,0.01,0.01,0.01,0.01,0.02,0.01,0.01,0.03,0.04,0.03,0.05,0.04,0.07,0.1,0.16,0.19,0.18,0.16,0.1,0.08,0.1,0.69,1.0,0.64,0.11,0.02,0.01,0.0],[0.02,0.02,0.02,0.02,0.02,0.03,0.03,0.02,0.02,0.03,0.03,0.02,0.03,0.03,0.04,0.05,0.04,0.03,0.08,0.09,0.1,0.15,0.13,0.21,0.33,0.48,0.49,0.53,0.49,0.35,0.27,0.04,0.14,0.64,1.0,0.79,0.06,0.02,0.01],[0.04,0.04,0.04,0.04,0.07,0.06,0.06,0.06,0.11,0.11,0.11,0.09,0.13,0.12,0.17,0.33,0.16,0.11,0.33,0.31,0.51,0.8,0.69,0.82,0.91,0.92,0.88,0.89,0.9,0.87,0.9,0.02,0.04,0.11,0.79,1.0,0.92,0.05,0.01],[0.09,0.07,0.08,0.07,0.19,0.18,0.17,0.13,0.51,0.45,0.45,0.32,0.69,0.75,0.86,0.94,0.79,0.47,0.89,0.76,0.95,0.96,0.95,0.95,0.95,0.94,0.92,0.93,0.94,0.95,0.97,0.0,0.01,0.02,0.06,0.92,1.0,0.93,0.07],[0.2,0.17,0.18,0.17,0.43,0.36,0.35,0.28,0.75,0.68,0.68,0.57,0.81,0.83,0.82,0.88,0.68,0.45,0.67,0.42,0.84,0.84,0.79,0.68,0.66,0.46,0.33,0.3,0.34,0.54,0.74,0.0,0.0,0.01,0.02,0.05,0.93,1.0,0.86],[0.21,0.2,0.2,0.19,0.31,0.29,0.29,0.25,0.4,0.38,0.38,0.33,0.4,0.38,0.32,0.33,0.23,0.2,0.18,0.15,0.23,0.19,0.21,0.15,0.11,0.07,0.06,0.06,0.07,0.1,0.13,0.0,0.0,0.0,0.01,0.01,0.07,0.86,1.0]],
  "pae": [[0.8,1.4,1.5,1.6,2.0,3.1,2.7,1.1,2.9,4.1,3.9,2.2,3.4,4.0,4.7,4.2,5.6,6.6,6.3,6.9,5.7,6.5,6.5,6.9,7.3,7.3,8.2,8.0,8.3,7.3,7.0,19.9,18.1,17.2,15.0,12.2,8.2,6.4,6.3],[1.0,0.8,1.9,2.0,1.7,3.2,2.9,1.2,2.6,3.9,3.7,2.0,3.0,3.6,4.3,3.9,5.0,6.3,5.6,6.4,5.2,6.0,5.9,6.3,6.6,6.7,8.0,7.6,7.4,6.7,6.2,18.4,17.2,16.7,14.3,10.5,7.6,6.3,5.8],[1.0,2.0,0.8,2.0,1.7,3.3,3.3,1.2,2.6,4.1,4.1,2.2,3.1,3.7,4.4,3.8,5.1,6.3,5.8,6.6,5.4,6.2,6.0,6.5,6.8,6.9,8.2,7.7,7.5,6.9,6.4,18.4,17.2,17.0,14.7,10.6,8.1,6.6,5.7],[1.0,1.8,1.6,0.8,1.7,3.0,3.2,1.1,2.5,3.9,3.9,2.0,2.9,3.6,4.1,3.8,4.7,6.0,5.4,6.1,4.9,5.9,5.8,6.2,6.5,6.5,7.5,7.2,7.2,6.5,6.0,17.4,16.7,16.0,13.4,10.4,7.4,6.2,5.0],[2.4,2.8,2.6,2.6,0.8,1.7,1.3,1.3,2.0,2.8,3.2,1.0,2.2,3.1,3.7,3.7,4.7,5.9,5.8,6.0,5.0,5.4,5.5,6.0,6.2,6.7,7.4,7.3,7.2,5.9,5.7,16.6,15.1,14.0,12.9,10.5,7.7,5.5,5.7],[2.8,3.6,3.4,3.2,1.2,0.8,1.7,1.8,2.0,3.3,3.3,1.6,2.3,3.3,3.8,4.0,4.7,6.0,5.8,6.0,4.9,5.5,5.4,6.2,6.4,6.7,7.3,7.3,7.0,6.1,5.6,16.9,14.7,13.3,12.0,10.9,8.1,5.9,6.1],[2.5,3.4,3.3,3.4,1.2,2.1,0.8,1.6,2.0,3.2,3.4,1.5,2.1,3.1,3.8,3.7,4.4,5.7,5.2,5.9,4.6,5.2,5.3,6.2,6.2,6.7,7.4,7.3,7.1,6.1,5.4,16.3,14.0,13.1,10.8,10.5,7.7,5.6,4.6],[1.1,2.5,2.4,2.4,1.1,2.6,2.4,0.8,2.2,3.0,3.7,1.9,2.4,3.3,3.7,3.6,4.4,6.2,5.9,6.7,4.8,5.5,5.9,6.8,6.7,7.0,8.0,7.5,7.5,6.8,5.8,16.0,15.0,14.0,12.8,11.4,8.5,5.9,5.6],[3.5,4.4,4.2,4.2,2.0,3.3,2.9,2.7,0.8,1.4,1.4,1.2,1.0,2.1,1.9,2.8,3.3,4.4,4.5,4.8,3.5,4.8,4.8,5.5,5.8,6.2,6.7,6.6,6.3,5.4,5.2,15.1,13.7,13.4,12.0,9.1,6.5,5.0,5.6],[4.0,4.7,4.9,4.9,2.2,3.4,3.5,3.1,1.0,0.8,1.3,1.1,1.0,2.0,2.2,2.7,3.1,4.0,4.3,4.7,3.4,4.7,4.8,5.7,5.6,6.2,7.0,6.3,6.1,5.1,5.1,15.5,13.7,12.7,11.9,10.0,7.0,5.3,5.7],[3.9,4.4,4.8,4.7,2.5,3.5,3.7,3.2,1.1,1.3,0.8,1.1,1.1,2.1,2.4,2.9,3.3,4.2,4.6,4.9,3.6,5.0,4.9,5.9,6.0,6.5,7.1,6.7,6.4,5.3,5.4,16.4,14.4,14.1,12.2,10.6,7.4,5.4,5.8],[2.7,3.4,3.2,3.2,1.0,2.3,2.2,2.1,1.0,2.1,2.0,0.8,1.4,2.3,2.5,2.8,3.3,4.7,4.5,5.2,3.7,4.4,4.5,5.7,5.5,5.9,6.8,6.3,6.1,5.3,4.9,14.6,13.6,12.8,11.0,9.7,7.0,5.0,5.5],[4.0,4.7,4.6,4.6,2.5,3.5,3.6,3.2,1.0,1.9,1.9,1.5,0.8,0.8,1.2,1.9,2.0,3.2,2.9,3.5,2.4,3.3,3.9,4.5,4.6,5.0,5.7,5.5,5.1,4.1,4.0,14.1,11.8,11.5,10.3,8.0,5.5,4.3,5.9],[4.4,5.1,5.0,5.0,2.9,4.0,3.9,3.5,1.7,2.3,2.3,2.0,0.9,0.8,0.9,1.4,1.8,2.6,2.2,2.5,1.7,2.5,3.4,4.1,3.9,4.4,4.7,4.6,4.2,3.3,3.0,12.9,11.0,10.7,9.0,7.1,4.8,4.0,6.1],[4.1,4.6,4.6,4.4,2.9,3.9,3.8,3.4,2.1,2.8,2.9,2.4,1.7,0.8,0.8,0.8,0.8,1.1,1.2,1.6,0.9,1.1,1.5,1.8,1.7,2.0,2.2,2.1,2.1,1.7,1.5,9.4,8.2,7.6,6.1,4.3,2.9,2.8,4.8],[4.1,4.5,4.5,4.4,3.1,3.9,4.0,3.3,2.2,2.9,3.0,2.6,1.6,0.9,0.8,0.8,0.8,1.1,0.8,1.0,0.8,0.8,1.3,1.4,1.4,1.6,1.8,1.9,1.9,1.5,1.1,8.7,7.7,7.3,5.9,3.9,2.7,2.9,4.5],[4.4,4.7,4.8,4.7,3.2,4.1,4.1,3.6,2.5,3.1,3.2,2.8,1.9,1.2,0.8,0.9,0.8,0.8,0.8,1.3,0.9,1.3,1.7,2.0,2.2,2.5,2.8,2.9,2.7,1.9,1.6,10.0,8.2,7.7,6.6,4.6,3.0,3.1,5.1],[4.4,4.9,5.0,4.8,3.3,4.1,4.2,3.6,2.4,3.0,3.0,2.7,1.5,0.9,0.8,0.9,0.8,0.8,0.8,1.0,1.0,1.1,1.7,2.1,2.0,2.0,2.3,2.4,2.5,1.8,1.5,10.7,8.5,8.0,6.6,5.0,3.5,3.8,5.7],[4.7,5.1,5.2,5.0,3.5,4.6,4.6,4.0,2.6,3.4,3.5,3.1,1.9,1.4,1.0,0.9,0.8,1.1,0.8,0.8,0.8,0.9,1.7,2.0,1.9,2.1,2.1,2.4,2.3,1.9,1.4,10.0,8.8,8.5,6.7,4.5,3.0,3.3,5.4],[4.5,5.0,5.1,4.9,3.3,4.2,4.3,3.7,2.3,3.1,3.3,2.8,1.8,1.3,1.0,0.8,0.8,1.0,0.8,0.8,0.8,0.8,1.7,2.0,2.0,2.2,2.2,2.4,2.4,1.8,1.4,10.3,8.6,7.8,6.3,4.8,3.2,3.6,5.4],[4.0,4.2,4.3,4.1,3.1,3.9,3.9,3.5,2.2,2.8,2.9,2.5,1.7,1.2,0.8,0.8,1.0,1.1,0.8,0.9,0.8,0.8,1.1,1.1,1.1,1.4,1.4,1.6,1.7,1.4,1.0,9.4,8.0,7.4,5.7,3.7,2.5,2.8,4.5],[3.9,4.0,4.0,3.8,3.0,3.7,3.7,3.3,2.4,3.0,3.2,2.7,1.9,1.6,1.0,0.8,1.3,1.5,1.0,1.4,0.8,1.0,0.8,0.8,0.8,0.9,1.1,1.0,1.0,0.8,0.8,7.6,6.2,5.7,4.2,3.2,2.3,2.8,4.0],[4.0,4.4,4.5,4.2,3.1,3.8,3.8,3.4,2.4,3.0,3.2,2.8,2.0,1.7,1.1,1.0,1.5,1.9,1.1,1.7,0.8,0.8,0.8,0.8,0.8,1.0,1.0,0.9,0.9,0.8,0.8,8.1,6.3,5.6,4.5,3.3,2.4,3.0,4.3],[4.1,4.6,4.6,4.4,3.1,3.9,4.0,3.5,2.4,3.1,3.4,2.9,2.0,1.8,1.2,0.9,1.5,1.9,1.1,1.6,0.8,0.8,0.8,0.8,0.8,0.8,0.9,0.8,0.9,0.8,0.8,7.9,6.4,5.6,4.4,3.5,2.5,3.0,4.4],[3.8,4.0,4.1,3.9,3.0,3.7,3.7,3.4,2.4,3.1,3.2,2.8,1.9,1.7,1.1,0.9,1.4,1.7,1.1,1.5,0.8,0.8,0.8,0.8,0.9,0.8,0.8,0.8,0.8,0.8,0.8,7.3,5.9,5.3,3.8,3.1,2.1,2.8,4.1],[4.1,4.3,4.4,4.1,3.1,3.9,3.9,3.6,2.4,3.1,3.3,2.8,2.0,1.8,1.3,1.0,1.5,1.8,1.3,1.7,0.9,0.8,0.8,0.8,0.8,0.8,0.8,0.8,0.8,0.8,0.8,7.7,6.4,5.6,4.0,3.2,2.3,3.0,4.3],[4.3,4.7,4.8,4.5,3.2,4.2,4.3,3.8,2.6,3.4,3.5,3.0,2.2,2.0,1.4,1.0,1.7,2.0,1.5,1.8,1.0,0.9,0.9,0.8,0.8,0.8,0.8,0.8,0.8,0.8,0.8,8.8,7.1,6.0,4.5,3.2,2.6,3.2,4.5],[4.1,4.3,4.5,4.2,3.1,3.9,4.0,3.6,2.6,3.3,3.4,2.9,2.2,2.0,1.3,1.2,1.7,2.1,1.5,1.9,0.9,0.8,0.8,0.8,0.8,0.8,0.8,0.8,0.8,0.8,0.8,8.1,6.8,5.8,4.0,3.3,2.4,3.0,4.4],[4.5,4.7,4.9,4.6,3.4,4.2,4.2,3.9,2.7,3.5,3.7,3.1,2.3,2.2,1.5,1.2,1.8,2.3,1.5,2.0,0.9,0.8,0.8,0.8,0.8,0.8,0.9,0.8,0.8,0.8,0.8,8.4,7.2,6.3,4.2,3.3,2.4,3.0,4.5],[4.2,4.5,4.6,4.3,3.2,4.0,4.0,3.7,2.6,3.4,3.5,3.0,2.2,2.1,1.3,1.0,1.6,2.0,1.3,1.8,0.8,0.8,0.8,0.8,0.8,0.8,1.0,0.8,0.8,0.8,0.8,8.1,6.6,5.8,4.2,3.3,2.4,2.8,4.4],[3.8,3.9,4.0,3.7,3.0,3.6,3.6,3.4,2.4,3.1,3.2,2.8,1.9,1.7,1.2,0.9,1.5,1.8,1.2,1.6,0.8,0.8,0.8,0.8,0.8,0.8,0.9,0.8,0.8,0.8,0.9,6.9,5.5,5.1,3.9,3.0,2.1,2.6,3.8],[11.6,13.1,13.2,13.1,10.8,11.6,11.4,10.7,10.2,10.6,11.0,10.6,9.7,9.9,9.5,8.7,10.6,10.7,9.5,10.1,8.9,8.2,8.8,8.2,8.3,8.0,7.8,7.8,7.7,8.0,8.2,1.0,2.6,3.7,4.4,6.8,7.3,8.6,10.5],[9.2,9.1,8.9,8.7,8.3,8.4,8.4,7.4,7.4,7.6,7.8,7.7,6.8,6.9,6.7,6.5,7.5,7.8,6.4,7.4,6.2,5.9,6.2,6.1,5.8,5.6,5.5,5.5,5.2,5.4,5.4,1.8,1.0,1.8,2.4,3.8,5.1,5.9,7.8],[8.1,7.7,7.7,7.6,6.8,7.3,7.6,6.3,6.0,6.1,6.4,5.6,5.4,5.9,5.5,5.2,6.1,7.1,5.2,6.7,4.8,4.5,4.8,4.9,4.5,4.1,4.5,4.5,4.3,4.4,4.2,2.4,1.7,1.0,1.9,2.4,3.7,4.4,7.0],[5.3,5.7,5.8,5.6,4.5,5.4,5.7,4.4,4.2,4.6,4.7,4.0,3.9,4.2,3.9,3.7,4.2,5.2,4.0,4.8,3.6,3.3,3.6,3.8,3.5,3.5,3.5,3.6,3.5,3.3,3.2,3.2,2.0,1.5,0.9,1.7,2.6,3.1,4.9],[4.0,5.0,4.9,4.9,3.6,4.6,4.8,4.1,3.2,3.8,4.0,3.4,3.1,3.2,3.1,3.2,3.5,4.0,3.4,3.8,3.1,2.8,3.2,3.1,2.9,2.7,3.0,2.9,2.9,2.8,2.7,3.9,2.8,2.0,1.5,0.9,1.6,2.3,3.8],[3.2,4.0,4.0,4.0,3.0,3.7,3.8,3.4,2.9,3.0,3.3,2.9,2.6,2.7,2.9,2.8,3.0,3.3,2.8,3.2,2.6,2.7,3.1,3.3,2.8,2.8,2.8,2.8,2.9,2.7,2.6,5.9,4.1,3.2,2.1,1.5,0.9,1.6,2.7],[2.7,3.4,3.3,3.3,2.5,2.9,3.1,2.8,2.6,2.5,2.6,2.6,2.7,2.7,2.8,2.6,2.9,3.1,3.0,3.3,2.6,3.0,3.3,3.4,3.2,3.2,3.3,3.2,3.1,3.0,3.2,6.9,5.4,4.6,3.2,2.6,1.6,1.0,1.8],[2.9,3.4,3.4,3.2,2.8,2.8,3.2,3.0,3.2,2.9,3.1,2.8,3.2,3.4,3.4,3.5,3.9,3.9,3.9,4.0,3.6,4.1,4.3,4.3,4.1,4.4,4.5,4.5,4.4,4.1,4.2,8.8,5.9,5.3,4.5,3.5,3.2,2.0,1.1]],
  "token_chain_ids": ["A","A","A","A","A","A","A","A","A","A","A","A","A","A","A","A","A","A","A","A","A","A","A","A","A","A","A","A","A","A","A","B","B","B","B","B","B","B","B"],
  "token_res_ids": [1,1,1,1,1,1,1,1,1,1,1,1,1,1,1,1,1,1,1,1,1,1,1,1,1,1,1,1,1,1,1,1,2,3,4,5,6,7,8]
}