{
  "atom_chain_ids": ["A","A","A","A","A","A","A","A","A","A","A","A","A","A","A","A","A","A","A","A","A","A","A","A","A","A","A","A","A","A","A","B","B","B","B","B","B","B","B","B","B","B","B","B","B","B","B","B","B","B","B","B","B","B","B","B","B","B","B","B","B","B","B","B","B","B","B","B","B","B","B","B","B","B","B","B","B","B","B","B","B","B","B","B","B","B","B","B","B","B","B","B","B","B","B","B","B","B","B","B","B","B","B","B","B","B","B","B","B","B","B","B","B","B","B","B","B","B","B","B","B","B","B","B","B","B","B","B","B","B","B","B","B","B","B","B","B","B","B","B","B","B","B","B","B","B","B","B","B","B","B","B","B","B","B","B","B","B","B","B","B","B","B","B","B","B","B","B","B","B","B","B","B","B","B","B","B","B","B","B","B","B","B","B","B","B","B","B","B","B","B","B"],
  "atom_plddts": [62.2,57.47,60.27,53.21,67.67,53.83,57.24,67.95,64.93,66.93,66.35,61.7,72.24,77.58,66.63,68.8,75.34,69.93,77.54,74.02,67.36,72.69,69.61,68.28,71.26,65.25,69.17,67.8,66.62,68.92,72.76,47.8,50.93,47.41,47.5,51.68,53.47,57.54,56.88,61.83,61.74,60.33,58.6,58.24,55.91,53.36,50.83,49.98,49.11,48.18,51.94,56.17,58.14,53.64,54.4,59.44,59.78,62.91,62.2,66.85,65.45,65.71,63.17,63.61,61.58,56.69,52.67,51.96,51.53,48.77,54.69,59.52,58.88,54.55,55.04,59.71,60.57,63.77,63.64,67.42,66.27,66.04,63.51,63.47,61.61,57.45,53.53,52.75,52.26,49.69,55.3,59.85,59.58,55.68,56.23,60.64,63.1,66.6,67.53,70.48,69.24,68.24,66.06,65.43,64.5,60.32,56.56,55.92,55.55,53.3,58.23,62.43,60.14,56.42,57.01,61.58,64.69,68.04,70.37,72.82,71.8,71.33,69.28,69.1,69.82,66.62,63.49,64.15,64.41,62.37,65.76,68.6,57.02,55.19,56.44,61.97,65.59,69.73,73.44,77.13,75.85,76.67,74.31,74.93,76.09,73.33,70.79,71.85,72.26,71.02,73.57,75.94,62.4,60.01,62.56,66.53,70.12,73.76,75.83,78.7,76.81,76.75,74.47,74.82,75.26,72.46,69.38,69.82,69.78,68.66,71.55,74.08,65.6,63.78,65.54,67.97,71.3,74.7,73.29,76.43,73.83,72.07,70.35,70.42,70.0,65.03,61.12,60.81,60.07,59.2,63.0,67.63],
  "contact_probs": [[1.0,1.0,1.0,1.0,1.0,1.0,1.0,1.0,1.0,1.0,1.0,1.0,1.0,0.99,0.8,0.5,0.7,0.51,0.42,0.23,0.29,0.31,0.43,0.34,0.17,0.09,0.09,0.05,0.05,0.07,0.15,0.02,0.01,0.01,0.02,0.04,0.09,0.2,0.21],[1.0,1.0,1.0,1.0,1.0,1.0,1.0,1.0,1.0,0.99,0.99,1.0,0.99,0.9,0.56,0.36,0.5,0.37,0.31,0.18,0.22,0.23,0.32,0.25,0.12,0.07,0.07,0.04,0.04,0.06,0.11,0.02,0.01,0.01,0.02,0.04,0.07,0.17,0.2],[1.0,1.0,1.0,1.0,1.0,1.0,1.0,1.0,1.0,0.99,0.99,1.0,0.99,0.9,0.56,0.37,0.51,0.37,0.32,0.19,0.23,0.24,0.33,0.25,0.13,0.07,0.08,0.04,0.04,0.06,0.12,0.02,0.01,0.01,0.02,0.04,0.08,0.18,0.2],[1.0,1.0,1.0,1.0,1.0,1.0,1.0,1.0,1.0,0.99,0.99,1.0,0.99,0.9,0.55,0.35,0.5,0.37,0.31,0.18,0.22,0.22,0.31,0.24,0.12,0.07,0.07,0.04,0.04,0.06,0.11,0.02,0.01,0.01,0.02,0.04,0.07,0.17,0.19],[1.0,1.0,1.0,1.0,1.0,1.0,1.0,1.0,1.0,1.0,1.0,1.0,1.0,1.0,1.0,1.0,1.0,0.94,0.95,0.64,0.96,0.88,0.89,0.68,0.42,0.19,0.14,0.08,0.1,0.21,0.49,0.02,0.01,0.01,0.02,0.07,0.19,0.43,0.31],[1.0,1.0,1.0,1.0,1.0,1.0,1.0,1.0,1.0,1.0,1.0,1.0,1.0,1.0,1.0,0.95,0.97,0.78,0.78,0.45,0.75,0.67,0.72,0.5,0.31,0.15,0.13,0.07,0.09,0.17,0.36,0.02,0.01,0.01,0.03,0.06,0.18,0.36,0.29],[1.0,1.0,1.0,1.0,1.0,1.0,1.0,1.0,1.0,1.0,1.0,1.0,1.0,1.0,0.99,0.95,0.97,0.79,0.78,0.45,0.76,0.67,0.72,0.5,0.3,0.14,0.12,0.07,0.08,0.16,0.35,0.02,0.01,0.01,0.03,0.06,0.17,0.35,0.29],[1.0,1.0,1.0,1.0,1.0,1.0,1.0,1.0,1.0,1.0,1.0,1.0,1.0,1.0,0.99,0.91,0.96,0.77,0.72,0.39,0.63,0.53,0.66,0.46,0.24,0.11,0.09,0.06,0.07,0.12,0.26,0.02,0.01,0.01,0.02,0.06,0.13,0.28,0.25],[1.0,1.0,1.0,1.0,1.0,1.0,1.0,1.0,1.0,1.0,1.0,1.0,1.0,1.0,1.0,1.0,1.0,1.0,1.0,1.0,1.0,1.0,0.99,0.95,0.89,0.48,0.27,0.2,0.23,0.77,0.99,0.02,0.01,0.01,0.02,0.11,0.51,0.75,0.4],[1.0,0.99,0.99,0.99,1.0,1.0,1.0,1.0,1.0,1.0,1.0,1.0,1.0,1.0,1.0,1.0,1.0,1.0,1.0,0.96,1.0,1.0,0.98,0.88,0.75,0.43,0.27,0.21,0.22,0.5,0.9,0.01,0.01,0.01,0.03,0.11,0.45,0.68,0.38],[1.0,0.99,0.99,0.99,1.0,1.0,1.0,1.0,1.0,1.0,1.0,1.0,1.0,1.0,1.0,1.0,1.0,1.0,1.0,0.95,1.0,1.0,0.98,0.87,0.74,0.4,0.26,0.19,0.21,0.49,0.9,0.01,0.01,0.01,0.03,0.11,0.45,0.68,0.38],[1.0,1.0,1.0,1.0,1.0,1.0,1.0,1.0,1.0,1.0,1.0,1.0,1.0,1.0,1.0,1.0,1.0,1.0,1.0,0.97,1.0,0.99,0.98,0.87,0.68,0.31,0.2,0.15,0.17,0.43,0.86,0.02,0.01,0.01,0.02,0.09,0.32,0.57,0.33],[1.0,0.99,0.99,0.99,1.0,1.0,1.0,1.0,1.0,1.0,1.0,1.0,1.0,1.0,1.0,1.0,1.0,1.0,1.0,1.0,1.0,1.0,1.0,0.99,0.98,0.79,0.43,0.51,0.7,0.99,1.0,0.01,0.01,0.01,0.03,0.13,0.69,0.81,0.4],[0.99,0.9,0.9,0.9,1.0,1.0,1.0,1.0,1.0,1.0,1.0,1.0,1.0,1.0,1.0,1.0,1.0,1.0,1.0,1.0,1.0,1.0,1.0,1.0,1.0,0.9,0.22,0.44,0.91,1.0,1.0,0.01,0.01,0.01,0.03,0.12,0.75,0.83,0.38],[0.8,0.56,0.56,0.55,1.0,1.0,0.99,0.99,1.0,1.0,1.0,1.0,1.0,1.0,1.0,1.0,1.0,1.0,1.0,1.0,1.0,1.0,1.0,1.0,1.0,1.0,0.57,1.0,1.0,1.0,1.0,0.01,0.01,0.01,0.04,0.17,0.86,0.82,0.32],[0.5,0.36,0.37,0.35,1.0,0.95,0.95,0.91,1.0,1.0,1.0,1.0,1.0,1.0,1.0,1.0,1.0,1.0,1.0,1.0,1.0,1.0,1.0,1.0,1.0,1.0,1.0,1.0,1.0,1.0,1.0,0.01,0.01,0.02,0.05,0.33,0.94,0.88,0.33],[0.7,0.5,0.51,0.5,1.0,0.97,0.97,0.96,1.0,1.0,1.0,1.0,1.0,1.0,1.0,1.0,1.0,1.0,1.0,1.0,1.0,1.0,1.0,1.0,1.0,1.0,0.6,1.0,1.0,1.0,1.0,0.01,0.01,0.01,0.04,0.16,0.79,0.68,0.23],[0.51,0.37,0.37,0.37,0.94,0.78,0.79,0.77,1.0,1.0,1.0,1.0,1.0,1.0,1.0,1.0,1.0,1.0,1.0,1.0,1.0,1.0,1.0,1.0,1.0,0.76,0.04,0.58,0.97,1.0,1.0,0.01,0.01,0.01,0.03,0.11,0.47,0.45,0.2],[0.42,0.31,0.32,0.31,0.95,0.78,0.78,0.72,1.0,1.0,1.0,1.0,1.0,1.0,1.0,1.0,1.0,1.0,1.0,1.0,1.0,1.0,1.0,1.0,1.0,1.0,1.0,1.0,1.0,1.0,1.0,0.02,0.02,0.03,0.08,0.33,0.89,0.67,0.18],[0.23,0.18,0.19,0.18,0.64,0.45,0.45,0.39,1.0,0.96,0.95,0.97,1.0,1.0,1.0,1.0,1.0,1.0,1.0,1.0,1.0,1.0,1.0,1.0,1.0,1.0,0.96,1.0,1.0,1.0,1.0,0.02,0.02,0.04,0.09,0.31,0.76,0.42,0.15],[0.29,0.22,0.23,0.22,0.96,0.75,0.76,0.63,1.0,1.0,1.0,1.0,1.0,1.0,1.0,1.0,1.0,1.0,1.0,1.0,1.0,1.0,1.0,1.0,1.0,1.0,1.0,1.0,1.0,1.0,1.0,0.01,0.02,0.03,0.1,0.51,0.95,0.84,0.23],[0.31,0.23,0.24,0.22,0.88,0.67,0.67,0.53,1.0,1.0,1.0,0.99,1.0,1.0,1.0,1.0,1.0,1.0,1.0,1.0,1.0,1.0,1.0,1.0,1.0,1.0,1.0,1.0,1.0,1.0,1.0,0.02,0.03,0.05,0.15,0.8,0.96,0.84,0.19],[0.43,0.32,0.33,0.31,0.89,0.72,0.72,0.66,0.99,0.98,0.98,0.98,1.0,1.0,1.0,1.0,1.0,1.0,1.0,1.0,1.0,1.0,1.0,1.0,1.0,1.0,1.0,1.0,1.0,1.0,1.0,0.02,0.03,0.04,0.13,0.69,0.95,0.79,0.21],[0.34,0.25,0.25,0.24,0.68,0.5,0.5,0.46,0.95,0.88,0.87,0.87,0.99,1.0,1.0,1.0,1.0,1.0,1.0,1.0,1.0,1.0,1.0,1.0,1.0,1.0,1.0,1.0,1.0,1.0,1.0,0.03,0.04,0.07,0.21,0.82,0.95,0.68,0.15],[0.17,0.12,0.13,0.12,0.42,0.31,0.3,0.24,0.89,0.75,0.74,0.68,0.98,1.0,1.0,1.0,1.0,1.0,1.0,1.0,1.0,1.0,1.0,1.0,1.0,1.0,1.0,1.0,1.0,1.0,1.0,0.03,0.06,0.1,0.33,0.91,0.95,0.66,0.11],[0.09,0.07,0.07,0.07,0.19,0.15,0.14,0.11,0.48,0.43,0.4,0.31,0.79,0.9,1.0,1.0,1.0,0.76,1.0,1.0,1.0,1.0,1.0,1.0,1.0,1.0,1.0,1.0,1.0,1.0,1.0,0.04,0.08,0.16,0.48,0.92,0.94,0.46,0.07],[0.09,0.07,0.08,0.07,0.14,0.13,0.12,0.09,0.27,0.27,0.26,0.2,0.43,0.22,0.57,1.0,0.6,0.04,1.0,0.96,1.0,1.0,1.0,1.0,1.0,1.0,1.0,1.0,1.0,1.0,1.0,0.04,0.09,0.19,0.49,0.88,0.92,0.33,0.06],[0.05,0.04,0.04,0.04,0.08,0.07,0.07,0.06,0.2,0.21,0.19,0.15,0.51,0.44,1.0,1.0,1.0,0.58,1.0,1.0,1.0,1.0,1.0,1.0,1.0,1.0,1.0,1.0,1.0,1.0,1.0,0.03,0.08,0.18,0.53,0.89,0.93,0.3,0.06],[0.05,0.04,0.04,0.04,0.1,0.09,0.08,0.07,0.23,0.22,0.21,0.17,0.7,0.91,1.0,1.0,1.0,0.97,1.0,1.0,1.0,1.0,1.0,1.0,1.0,1.0,1.0,1.0,1.0,1.0,1.0,0.02,0.06,0.16,0.49,0.9,0.94,0.34,0.07],[0.07,0.06,0.06,0.06,0.21,0.17,0.16,0.12,0.77,0.5,0.49,0.43,0.99,1.0,1.0,1.0,1.0,1.0,1.0,1.0,1.0,1.0,1.0,1.0,1.0,1.0,1.0,1.0,1.0,1.0,1.0,0.02,0.04,0.1,0.35,0.87,0.95,0.54,0.1],[0.15,0.11,0.12,0.11,0.49,0.36,0.35,0.26,0.99,0.9,0.9,0.86,1.0,1.0,1.0,1.0,1.0,1.0,1.0,1.0,1.0,1.0,1.0,1.0,1.0,1.0,1.0,1.0,1.0,1.0,1.0,0.02,0.04,0.08,0.27,0.9,0.97,0.74,0.13],[0.02,0.02,0.02,0.02,0.02,0.02,0.02,0.02,0.02,0.01,0.01,0.02,0.01,0.01,0.01,0.01,0.01,0.01,0.02,0.02,0.01,0.02,0.02,0.03,0.03,0.04,0.04,0.03,0.02,0.02,0.02,1.0,0.85,0.1,0.04,0.02,0.0,0.0,0.0],[0.01,0.01,0.01,0.01,0.01,0.01,0.01,0.01,0.01,0.01,0.01,0.01,0.01,0.01,0.01,0.01,0.01,0.01,0.02,0.02,0.02,0.03,0.03,0.04,0.06,0.08,0.09,0.08,0.06,0.04,0.04,0.85,1.0,0.69,0.14,0.04,0.01,0.0,0.0],[0.01,0.01,0.01,0.01,0.01,0.01,0.01,0.01,0.01,0.01,0.01,0.01,0.01,0.01,0.01,0.02,0.01,0.01,0.03,0.04,0.03,0.05,0.04,0.07,0.1,0.16,0.19,0.18,0.16,0.1,0.08,0.1,0.69,1.0,0.64,0.11,0.02,0.01,0.0],[0.02,0.02,0.02,0.02,0.02,0.03,0.03,0.02,0.02,0.03,0.03,0.02,0.03,0.03,0.04,0.05,0.04,0.03,0.08,0.09,0.1,0.15,0.13,0.21,0.33,0.48,0.49,0.53,0.49,0.35,0.27,0.04,0.14,0.64,1.0,0.79,0.06,0.02,0.01],[0.04,0.04,0.04,0.04,0.07,0.06,0.06,0.06,0.11,0.11,0.11,0.09,0.13,0.12,0.17,0.33,0.16,0.11,0.33,0.31,0.51,0.8,0.69,0.82,0.91,0.92,0.88,0.89,0.9,0.87,0.9,0.02,0.04,0.11,0.79,1.0,0.92,0.05,0.01],[0.09,0.07,0.08,0.07,0.19,0.18,0.17,0.13,0.51,0.45,0.45,0.32,0.69,0.75,0.86,0.94,0.79,0.47,0.89,0.76,0.95,0.96,0.95,0.95,0.95,0.94,0.92,0.93,0.94,0.95,0.97,0.0,0.01,0.02,0.06,0.92,1.0,0.93,0.07],[0.2,0.17,0.18,0.17,0.43,0.36,0.35,0.28,0.75,0.68,0.68,0.57,0.81,0.83,0.82,0.88,0.68,0.45,0.67,0.42,0.84,0.84,0.79,0.68,0.66,0.46,0.33,0.3,0.34,0.54,0.74,0.0,0.0,0.01,0.02,0.05,0.93,1.0,0.86],[0.21,0.2,0.2,0.19,0.31,0.29,0.29,0.25,0.4,0.38,0.38,0.33,0.4,0.38,0.32,0.33,0.23,0.2,0.18,0.15,0.23,0.19,0.21,0.15,0.11,0.07,0.06,0.06,0.07,0.1,0.13,0.0,0.0,0.0,0.01,0.01,0.07,0.86,1.0]],
  "pae": [[0.8,1.8,1.8,1.7,2.0,3.2,3.4,1.1,3.1,4.8,4.7,2.4,3.7,4.4,5.2,5.0,6.5,7.4,7.0,7.7,6.4,6.7,7.1,7.2,8.0,8.3,8.9,9.0,8.9,7.9,7.7,19.3,18.3,16.5,14.0,12.3,8.5,7.6,8.3],[1.1,0.8,2.2,2.1,1.7,3.2,3.4,1.1,2.8,4.5,4.6,2.2,3.3,4.3,4.9,4.4,5.7,6.9,6.4,7.1,5.8,6.3,6.6,6.7,7.2,7.2,8.3,8.2,7.9,7.2,7.0,17.9,16.5,15.9,12.2,10.9,8.4,7.5,7.9],[1.1,2.1,0.8,2.3,1.8,3.6,3.6,1.3,3.0,4.5,4.4,2.3,3.3,4.2,5.0,4.8,6.1,7.2,6.6,7.3,6.2,6.6,6.8,7.0,7.5,7.6,8.8,8.6,8.3,7.5,7.2,18.2,17.2,16.7,13.0,11.5,9.0,7.5,8.1],[1.2,2.1,2.0,0.8,1.8,3.5,3.6,1.1,2.9,4.1,4.3,2.2,3.2,4.1,5.0,4.6,5.9,7.0,6.2,7.0,5.7,6.1,6.8,6.7,7.0,7.4,8.3,8.4,8.3,7.2,6.7,17.1,16.4,15.2,11.9,10.9,8.5,7.6,8.1],[2.6,3.1,3.0,3.2,0.8,1.8,1.4,1.5,2.0,3.3,3.7,1.0,2.4,3.6,3.9,4.2,5.4,6.6,6.4,6.8,5.5,5.9,6.1,6.5,7.0,7.7,8.4,7.9,7.9,6.6,6.6,15.3,13.5,13.0,11.9,10.4,8.0,6.8,7.2],[2.6,3.6,3.9,3.9,1.1,0.8,1.7,1.6,2.0,3.7,3.7,1.3,2.4,3.9,4.0,4.4,5.1,6.1,6.2,6.3,5.2,6.1,6.0,6.7,7.1,7.5,8.3,8.1,7.9,6.6,6.2,15.3,13.6,13.0,11.8,11.0,8.1,7.0,7.5],[3.3,3.7,3.9,4.1,1.2,2.0,0.8,1.9,2.1,3.6,3.7,1.4,2.5,4.0,4.4,4.5,5.5,6.6,6.3,6.6,5.5,6.4,6.4,6.9,7.3,7.7,8.4,8.3,8.1,6.8,6.4,15.8,13.8,13.7,12.5,11.4,8.8,7.5,7.2],[1.2,2.7,2.7,2.7,1.1,2.7,2.7,0.8,2.4,3.6,4.4,1.8,2.8,3.8,3.9,4.3,5.3,6.7,6.8,7.3,5.5,6.2,6.7,7.4,7.7,8.1,9.0,8.5,8.2,7.4,6.6,16.3,14.5,13.8,12.2,11.6,9.4,7.7,8.7],[4.0,4.8,5.0,4.7,2.2,3.4,3.4,3.5,0.8,1.5,1.7,1.4,1.1,2.2,2.2,3.3,3.8,4.8,5.0,5.5,4.0,5.2,5.4,6.1,6.3,6.8,7.6,7.2,6.9,6.0,5.9,14.2,13.3,13.6,12.0,9.2,7.4,6.8,7.8],[4.7,5.7,5.7,5.0,2.4,4.1,4.1,3.7,1.2,0.8,1.6,1.4,1.2,2.2,2.5,3.1,3.4,4.3,4.7,5.1,3.9,5.3,5.6,6.5,6.5,7.1,7.9,7.4,7.1,5.9,5.9,14.4,14.0,14.8,12.7,10.9,8.5,7.4,8.3],[4.7,5.3,5.0,5.4,2.8,3.9,4.1,3.8,1.1,1.4,0.8,1.3,1.2,2.3,2.6,3.2,3.5,4.5,5.1,5.4,4.0,5.6,5.8,6.5,6.8,7.1,7.8,7.5,7.1,5.9,6.2,15.3,14.2,15.0,12.0,11.0,8.7,7.3,8.1],[3.0,3.6,3.9,3.8,1.2,2.5,2.5,2.3,1.1,2.3,2.4,0.8,1.5,2.7,2.7,3.2,3.8,5.1,5.2,6.0,4.1,4.9,5.1,6.3,6.5,7.1,8.1,7.3,7.0,6.0,5.6,14.0,13.0,13.0,11.5,10.3,8.1,7.1,7.5],[4.5,5.2,5.3,5.0,2.6,3.8,3.8,3.4,1.0,2.1,2.2,1.7,0.8,0.8,1.2,2.0,2.2,3.6,3.2,3.8,2.7,3.5,4.5,4.9,4.9,5.5,6.2,5.8,5.4,4.5,4.4,13.2,12.3,12.6,10.7,9.2,6.9,6.7,8.4],[5.0,5.7,5.7,5.4,3.1,4.4,4.3,4.0,1.9,2.4,2.6,2.4,0.9,0.8,0.9,1.5,2.1,2.9,2.4,2.8,1.8,2.7,3.8,4.5,4.2,4.8,5.3,5.2,4.7,3.5,3.2,13.0,11.9,11.6,9.6,7.7,5.8,5.8,8.6],[4.4,4.9,5.0,4.7,3.1,4.3,4.2,3.7,2.3,3.0,3.2,2.7,1.9,0.8,0.8,0.8,0.8,1.1,1.2,1.6,0.9,1.2,1.6,1.9,1.7,2.0,2.3,2.2,2.2,1.8,1.6,10.3,9.6,8.9,7.1,4.7,3.5,4.0,6.3],[4.5,4.8,4.9,4.7,3.3,4.4,4.4,3.7,2.3,3.1,3.4,2.9,1.6,1.0,0.8,0.8,0.9,1.1,0.8,1.0,0.8,0.8,1.4,1.6,1.4,1.7,1.9,2.0,2.1,1.7,1.3,9.6,8.7,8.7,6.3,4.3,3.5,3.6,5.9],[4.7,5.2,5.3,5.2,3.4,4.7,4.6,4.1,2.5,3.2,3.4,3.1,1.9,1.3,0.8,0.9,0.8,0.8,0.8,1.3,0.9,1.3,1.8,2.1,2.3,2.6,3.0,3.0,2.9,2.0,1.6,10.2,9.3,9.1,7.5,5.3,3.7,4.5,7.1],[4.9,5.4,5.7,5.3,3.6,4.9,4.8,4.2,2.6,3.1,3.4,3.0,1.7,0.9,0.8,0.8,0.8,0.8,0.8,1.0,1.0,1.2,2.0,2.1,2.0,2.0,2.3,2.4,2.7,2.0,1.6,10.3,9.7,9.2,7.6,5.9,4.5,5.6,7.6],[5.1,5.7,5.8,5.4,3.8,5.3,5.1,4.5,2.7,3.6,3.8,3.3,1.9,1.4,1.0,0.9,0.8,1.1,0.8,0.8,0.8,0.9,2.1,2.2,2.1,2.4,2.5,2.7,2.6,2.2,1.5,10.3,9.3,9.7,7.3,5.1,3.8,4.2,6.9],[4.9,5.5,5.6,5.3,3.7,4.8,4.9,4.2,2.5,3.4,3.7,3.1,2.0,1.4,1.0,0.8,0.8,1.0,0.8,0.8,0.8,0.8,2.3,2.3,2.2,2.5,2.4,2.6,2.7,2.0,1.6,10.5,9.6,9.4,7.1,5.4,4.2,5.0,6.9],[4.3,4.5,4.7,4.4,3.3,4.3,4.3,3.8,2.2,2.9,3.3,2.7,1.8,1.3,0.8,0.8,0.9,1.1,0.8,1.0,0.8,0.8,1.1,1.0,1.0,1.2,1.4,1.6,1.7,1.4,0.9,10.0,8.8,8.5,5.7,3.8,3.1,3.5,5.9],[4.2,4.4,4.4,4.2,3.3,4.1,4.1,3.7,2.6,3.4,3.6,3.1,2.1,1.8,1.1,0.9,1.5,1.7,1.1,1.5,0.8,1.0,0.8,0.8,0.8,0.9,1.2,1.1,1.1,0.9,0.8,9.2,8.0,7.4,5.0,4.1,3.0,3.4,5.1],[4.4,4.9,5.0,4.7,3.5,4.4,4.4,3.9,2.6,3.4,3.6,3.1,2.2,2.0,1.2,1.3,1.8,2.1,1.4,1.8,0.8,0.8,0.8,0.8,0.8,1.1,1.2,0.9,0.9,0.8,0.8,9.8,8.5,7.8,5.3,4.1,3.1,3.9,5.9],[4.4,4.9,5.1,4.7,3.6,4.5,4.6,4.0,2.6,3.6,3.8,3.2,2.1,2.0,1.2,1.0,1.7,1.9,1.3,1.7,0.8,0.8,0.8,0.8,0.8,0.8,0.9,0.9,0.9,0.8,0.8,9.4,8.3,7.4,5.1,4.2,3.1,3.8,5.8],[4.2,4.5,4.6,4.3,3.3,4.2,4.2,3.8,2.6,3.4,3.6,3.1,2.0,1.8,1.2,0.9,1.4,1.7,1.2,1.5,0.8,0.8,0.8,0.8,0.9,0.8,0.8,0.8,0.8,0.8,0.8,8.9,7.9,6.9,4.5,3.8,2.5,3.5,5.3],[4.4,4.6,4.7,4.4,3.4,4.3,4.3,3.8,2.5,3.4,3.6,3.1,2.1,1.8,1.3,1.1,1.6,1.8,1.3,1.8,0.9,0.8,0.8,0.8,0.8,0.8,0.8,0.8,0.8,0.9,0.8,9.1,8.1,7.1,4.5,3.5,2.7,3.7,5.5],[4.6,5.2,5.4,4.9,3.6,4.8,4.8,4.2,2.7,3.8,4.0,3.4,2.4,2.1,1.4,1.1,1.8,2.0,1.5,1.8,1.0,0.9,0.9,0.8,0.8,0.9,0.8,0.8,0.9,0.8,0.8,9.7,8.5,7.5,4.9,3.7,3.2,4.4,5.9],[4.4,4.7,4.8,4.5,3.5,4.4,4.5,4.0,2.8,3.6,3.9,3.3,2.4,2.1,1.4,1.3,1.8,2.1,1.6,1.9,0.9,0.9,0.9,0.8,0.8,0.8,0.8,0.8,0.8,0.8,0.8,9.1,8.1,7.3,4.5,3.6,2.9,4.0,5.7],[4.7,5.0,5.1,4.8,3.6,4.6,4.6,4.2,2.9,3.9,4.1,3.4,2.5,2.3,1.5,1.3,1.9,2.4,1.6,2.1,0.9,0.8,0.9,0.9,0.8,0.8,0.9,0.8,0.8,0.8,0.8,9.7,8.5,7.3,4.5,3.5,2.8,3.9,5.8],[4.5,4.8,4.9,4.6,3.5,4.5,4.5,4.0,2.8,3.7,3.9,3.4,2.4,2.2,1.4,1.1,1.8,2.1,1.4,1.9,0.8,0.8,0.8,0.8,0.8,0.8,1.1,0.8,0.8,0.8,0.8,9.2,8.3,7.4,4.7,3.8,2.9,3.8,5.7],[4.2,4.3,4.4,4.1,3.3,4.1,4.1,3.7,2.6,3.4,3.5,3.1,2.1,1.9,1.2,1.0,1.6,1.9,1.3,1.7,0.8,0.8,0.8,0.8,0.8,0.8,0.9,0.8,0.8,0.8,0.9,8.9,7.6,6.8,4.5,3.7,2.4,3.1,5.1],[14.3,15.0,15.2,14.6,11.9,13.5,13.8,13.4,11.3,12.8,13.4,12.3,10.7,11.1,9.3,8.7,10.9,11.9,10.0,11.2,9.4,9.0,9.5,8.9,9.2,9.2,9.6,9.2,9.2,9.0,9.2,1.0,2.7,4.1,5.6,6.8,7.6,8.6,11.6],[10.5,10.5,10.9,10.9,9.0,10.5,11.3,9.2,8.5,9.7,10.1,9.3,7.6,9.0,7.3,6.7,9.3,9.6,8.2,9.0,7.3,7.2,7.5,6.9,6.5,6.4,6.7,6.1,6.4,6.6,6.4,2.0,1.0,1.9,3.0,3.9,5.4,5.7,8.4],[9.3,9.8,9.9,9.9,6.8,8.9,9.6,7.7,6.9,8.3,8.3,6.9,6.3,6.0,5.5,5.8,7.9,8.5,7.0,8.0,5.7,5.9,6.5,5.8,5.5,5.0,5.1,5.0,4.9,5.2,5.4,2.7,1.8,1.0,2.0,2.5,4.0,4.6,7.5],[5.3,6.1,6.1,6.1,4.7,5.7,6.0,5.3,4.2,5.8,5.8,4.7,4.2,4.4,4.0,4.1,4.6,5.5,4.5,5.3,4.0,4.1,4.8,4.3,4.2,3.8,3.9,3.9,3.9,3.6,3.7,3.5,2.6,1.7,0.9,1.8,2.3,3.4,5.4],[3.7,4.8,4.9,4.8,3.8,4.6,4.7,4.3,3.5,4.4,4.6,3.8,3.5,3.8,3.7,3.6,4.0,4.3,3.7,4.2,3.4,3.2,3.8,3.5,3.2,3.0,3.4,3.2,3.2,3.1,3.1,4.4,3.6,2.4,1.6,0.9,1.9,2.6,4.1],[3.5,4.1,4.1,4.1,3.2,3.7,4.0,3.6,3.3,3.6,3.8,3.2,3.0,3.2,3.4,3.1,3.7,3.8,3.4,3.7,3.1,3.2,3.6,3.7,3.5,3.3,3.4,3.3,3.3,3.1,3.2,5.7,4.5,3.6,2.4,1.6,0.9,1.7,2.9],[3.2,3.9,3.8,3.8,3.1,3.2,3.6,3.4,3.3,3.4,3.4,3.2,3.3,3.2,3.4,3.3,3.7,3.8,3.6,3.8,3.3,3.8,4.1,4.1,3.7,3.4,3.8,3.5,3.4,3.3,3.6,7.0,5.6,5.2,3.9,3.0,1.9,1.0,2.1],[3.7,4.5,4.3,4.5,3.5,3.3,3.9,3.9,4.3,4.1,4.3,3.8,4.3,4.1,4.1,4.2,4.9,5.1,4.8,5.3,4.8,5.1,5.5,5.3,5.2,5.2,5.4,5.1,5.1,4.6,4.9,8.6,6.7,5.9,5.3,4.0,4.2,2.1,1.2]],
  "token_chain_ids": ["A","A","A","A","A","A","A","A","A","A","A","A","A","A","A","A","A","A","A","A","A","A","A","A","A","A","A","A","A","A","A","B","B","B","B","B","B","B","B"],
  "token_res_ids": [1,1,1,1,1,1,1,1,1,1,1,1,1,1,1,1,1,1,1,1,1,1,1,1,1,1,1,1,1,1,1,1,2,3,4,5,6,7,8]
}